"IDRSSD"	
	
37	
242	
279	
354	
457	
505	
1155	
1351	
1454	
1669	
1856	
2040	
2161	
2376	
2732	
2750	
3252	
3458	
3720	
3971	
4156	
4231	
5069	
5135	
5210	
5461	
5751	
6039	
6329	
7009	
7045	
7072	
7456	
7634	
8033	
8462	
8631	
9357	
9553	
9807	
9955	
10250	
10849	
11145	
11640	
11837	
12030	
12142	
12179	
12311	
12647	
12656	
12946	
13103	
13251	
13457	
14155	
14650	
14753	
14865	
14977	
16551	
16748	
17110	
17147	
17259	
17950	
17978	
18050	
18135	
18827	
18836	
18854	
19356	
19936	
19972	
20053	
20633	
20857	
21256	
21359	
21658	
22048	
22543	
22552	
22730	
23456	
23504	
23643	
23755	
24006	
24378	
24453	
24659	
24668	
24949	
25357	
25647	
26176	
26457	
26765	
27070	
27548	
27614	
27847	
28013	
28152	
28675	
28732	
29476	
29636	
29878	
30052	
30502	
30650	
30810	
31134	
31255	
31657	
31826	
31835	
32234	
32766	
32971	
33147	
33259	
33268	
33370	
33839	
33857	
34425	
34434	
34537	
34555	
34742	
35057	
35301	
35570	
35646	
35879	
36456	
36933	
37051	
37341	
37435	
37640	
37659	
37949	
38740	
39327	
39756	
40033	
40499	
40855	
41245	
41553	
41629	
41825	
41937	
41955	
42037	
42354	
42372	
42420	
42448	
42457	
43052	
43351	
43856	
43959	
44040	
44433	
44741	
44750	
44929	
45038	
45047	
45056	
45430	
45458	
45551	
45560	
45775	
46053	
46941	
47247	
47256	
47452	
47500	
48057	
48150	
48374	
48440	
49054	
49148	
49241	
49652	
49858	
49951	
50144	
50461	
50872	
51253	
51356	
51459	
51842	
52719	
52951	
53051	
53752	
54058	
54656	
54973	
55336	
55635	
55653	
55970	
56258	
56351	
56548	
56717	
57040	
57451	
58225	
58243	
58355	
58551	
58636	
58757	
58971	
59316	
59352	
59370	
59754	
60143	
60330	
60545	
60554	
60648	
61122	
61355	
61476	
61757	
61832	
61953	
62044	
62110	
62147	
62772	
63050	
63069	
63201	
63573	
63733	
63742	
63751	
64150	
64552	
64730	
65205	
65513	
65559	
65746	
65858	
66154	
66275	
66677	
67142	
67151	
67209	
67254	
67656	
67870	
68448	
68671	
68756	
68831	
69333	
69678	
70058	
70218	
70414	
70638	
70955	
71073	
71318	
71457	
71859	
72258	
72351	
72454	
72678	
73116	
73152	
73554	
73956	
74056	
74140	
74403	
74449	
75053	
75259	
75446	
75455	
75558	
75633	
75651	
76153	
76443	
76854	
77150	
77253	
77422	
77851	
78157	
78241	
78559	
79042	
79127	
79145	
79257	
79855	
80150	
80374	
80431	
80552	
81175	
82033	
82257	
82350	
82659	
83151	
83236	
83375	
83638	
83834	
83852	
83955	
84046	
84541	
84804	
85052	
85454	
85472	
85931	
86349	
86554	
86675	
87047	
87159	
87234	
87476	
87579	
88231	
88240	
88259	
88352	
88455	
88950	
89032	
89135	
89854	
89957	
90047	
90177	
90328	
90337	
90579	
91615	
91754	
91950	
92144	
92676	
92706	
92902	
93244	
93543	
93619	
94139	
94522	
94755	
94858	
95051	
95677	
96553	
97055	
97279	
97457	
97804	
97943	
98351	
98463	
98717	
99143	
99255	
99376	
99442	
99536	
99853	
100236	
100357	
100562	
100777	
100843	
101019	
101037	
101439	
101671	
101738	
101952	
102333	
102342	
102539	
102557	
102874	
103134	
103255	
103563	
104234	
104542	
104971	
105026	
105222	
105473	
105530	
106359	
106452	
106676	
107244	
107459	
107570	
107758	
108072	
108269	
108652	
108746	
108951	
109136	
109154	
109453	
109574	
109659	
110413	
110936	
110945	
110972	
111157	
111205	
111942	
111979	
112163	
112332	
112444	
112510	
112556	
112837	
113003	
113030	
113441	
113601	
113740	
113937	
114149	
114251	
114260	
114457	
114774	
114840	
114859	
115146	
115575	
116358	
116554	
116741	
117038	
117074	
117458	
117775	
118156	
118660	
118736	
119153	
119528	
119779	
119872	
120476	
120542	
120609	
120953	
121642	
121651	
121914	
122153	
122546	
122854	
123075	
123374	
124344	
124830	
125154	
125471	
125855	
125873	
125958	
126012	
126049	
126375	
126553	
126740	
126834	
127055	
127224	
128258	
128904	
129349	
129358	
129479	
129732	
129853	
129910	
130345	
130541	
130813	
131034	
131173	
131436	
131650	
131717	
131940	
132107	
132451	
132554	
132778	
132938	
133579	
133850	
133971	
134156	
134437	
134455	
134848	
135836	
135854	
136048	
136338	
136459	
136655	
137205	
137447	
137456	
137559	
137643	
137652	
137915	
138051	
138257	
138556	
139133	
139478	
139553	
139656	
139740	
139834	
139843	
139955	
140018	
140157	
140362	
140634	
141211	
141341	
141350	
141556	
141677	
141958	
142049	
142179	
142656	
142955	
143372	
143662	
143859	
143952	
144034	
144052	
144155	
144436	
144678	
144856	
144913	
145059	
145545	
145554	
145741	
145750	
145844	
145956	
146056	
146663	
146672	
147651	
147679	
147857	
147923	
148171	
148238	
148340	
148470	
148715	
148809	
148920	
149150	
150035	
150044	
150156	
150727	
151546	
151957	
152057	
152253	
152431	
152440	
153054	
153353	
154154	
154770	
155759	
156457	
156635	
156970	
157155	
157379	
157650	
157744	
157856	
158376	
158741	
159636	
159645	
159953	
159971	
160360	
160454	
160650	
160959	
161273	
161602	
162337	
163343	
163370	
163549	
163857	
164153	
164331	
164377	
164957	
164975	
165039	
165628	
165758	
165806	
166111	
166531	
166652	
166849	
167453	
167565	
167752	
167864	
168357	
168571	
169327	
169354	
169653	
169756	
170257	
170275	
170332	
170640	
171133	
171656	
171759	
171768	
172158	
172251	
172457	
172475	
172859	
173306	
173342	
173548	
173557	
173575	
173641	
173959	
174321	
174367	
174572	
175056	
175140	
175458	
175609	
176101	
176325	
176437	
176464	
176642	
177135	
177443	
177500	
177555	
177751	
177920	
178150	
178244	
178356	
178851	
179148	
179335	
179700	
180144	
180443	
180537	
180845	
181963	
182353	
182951	
183668	
183770	
183846	
183958	
184142	
184656	
184759	
185251	
185448	
185859	
186221	
186548	
186717	
186744	
186856	
187648	
187947	
188056	
188177	
188430	
188449	
188720	
188739	
188917	
189044	
189129	
189549	
189745	
189950	
190563	
190648	
190947	
190956	
191355	
191935	
192147	
192558	
192651	
192857	
193162	
193247	
193537	
193649	
193809	
194440	
194570	
194936	
195111	
195157	
195456	
196752	
196800	
197142	
197254	
197302	
197478	
197759	
198046	
198073	
198149	
198251	
198961	
199137	
199351	
199436	
199463	
200042	
200378	
200435	
200640	
201254	
201834	
202514	
202541	
202907	
203043	
203052	
203070	
203575	
204004	
204077	
204237	
204826	
205243	
205346	
205458	
205542	
206156	
206174	
206473	
206772	
206950	
207041	
207050	
207452	
207470	
207555	
207845	
207872	
207957	
208057	
208244	
208347	
208440	
208459	
208570	
208655	
208972	
209148	
209362	
209447	
209559	
209830	
209858	
210238	
210256	
210434	
210452	
210779	
211114	
211271	
211338	
211851	
212018	
212335	
212344	
212465	
212522	
212577	
213471	
213538	
213912	
213958	
214106	
214414	
214722	
214807	
214843	
215345	
215354	
215653	
215662	
215710	
216164	
216230	
216632	
216922	
217059	
218131	
218261	
218850	
218878	
219044	
219343	
219651	
219679	
220059	
220527	
220844	
220974	
221775	
222156	
222446	
222558	
222754	
223005	
223322	
223331	
223452	
223751	
223845	
224552	
224954	
225054	
225157	
225241	
225335	
225559	
225942	
226949	
227151	
227357	
227656	
227777	
228000	
228055	
228158	
228279	
228345	
229070	
229173	
229342	
229454	
229801	
229913	
230423	
230610	
230759	
231149	
231279	
231336	
231671	
232847	
232856	
233031	
233246	
233358	
233442	
233527	
233554	
234355	
234506	
234739	
234841	
235174	
235231	
235316	
235446	
235530	
235558	
235950	
236153	
236256	
236603	
236706	
236957	
237066	
237619	
237954	
238139	
238250	
238737	
239275	
239556	
239613	
239659	
239752	
240954	
241009	
241157	
241559	
241607	
242257	
242444	
242949	
242958	
242976	
243375	
243414	
243955	
244037	
244149	
244158	
244251	
245016	
245276	
245351	
245557	
246022	
246134	
246237	
246451	
246657	
246947	
246956	
247140	
247355	
247476	
247551	
247908	
248240	
248352	
248455	
248633	
248745	
249416	
249612	
249658	
250430	
250476	
250850	
251352	
251558	
251745	
251857	
251978	
252041	
252256	
252452	
252658	
253356	
253468	
253646	
253730	
253776	
254317	
254504	
254849	
255350	
255547	
255556	
255574	
255659	
255873	
256049	
256058	
256076	
256179	
256553	
257233	
257345	
257466	
257578	
257653	
257756	
258146	
258306	
258379	
258445	
258539	
258771	
258874	
259059	
259330	
259442	
259956	
260055	
260831	
260868	
261146	
261360	
261940	
262059	
262237	
262358	
262741	
262844	
262956	
263243	
263627	
264455	
264772	
265340	
265407	
265452	
265676	
266066	
266244	
266253	
266271	
266655	
266851	
266945	
267652	
268006	
268136	
268677	
268828	
268976	
269049	
269058	
269571	
269759	
270148	
270353	
270504	
270531	
270652	
271136	
271275	
271341	
271529	
271752	
272030	
272058	
272151	
272272	
272302	
273336	
273550	
273653	
273662	
273840	
273859	
274025	
274052	
274164	
274548	
274641	
274829	
274856	
275255	
275358	
275479	
275657	
276074	
276159	
276551	
276579	
276645	
276654	
276850	
276953	
277053	
277240	
277277	
277679	
277736	
277820	
278078	
278153	
278256	
278555	
278733	
278751	
278818	
278872	
279105	
279842	
279954	
280110	
280138	
280352	
280558	
282048	
282075	
282226	
282824	
283157	
283438	
283652	
283737	
283867	
284154	
284239	
284248	
284556	
284752	
284958	
285151	
285348	
285544	
285553	
285740	
285759	
285777	
285852	
285928	
286251	
286457	
286840	
287007	
287342	
287856	
287922	
287959	
288152	
288358	
288376	
288853	
289056	
289225	
289515	
289702	
289739	
289757	
290052	
290230	
290249	
290838	
290922	
291059	
291273	
291330	
291376	
291611	
291732	
292234	
292467	
292850	
292908	
293053	
293352	
293437	
293651	
293754	
294023	
294564	
294676	
294751	
294779	
294827	
295011	
295057	
295646	
296456	
296474	
296559	
296755	
296858	
297051	
297257	
297547	
297631	
297761	
298049	
298218	
298245	
299046	
299251	
299868	
300009	
300036	
300063	
300157	
300353	
300456	
300933	
300942	
300960	
301574	
301800	
302030	
302133	
302553	
302656	
303653	
303701	
303747	
303952	
304155	
304173	
304520	
304575	
304762	
304913	
305059	
305077	
305237	
305433	
305442	
305648	
305750	
306056	
306140	
306159	
306337	
306908	
307062	
307334	
307361	
307679	
307932	
308256	
308340	
308836	
309150	
309655	
309851	
310071	
310754	
310950	
310978	
311050	
311144	
311256	
311265	
311603	
311658	
311845	
311939	
312244	
312356	
313009	
313157	
313223	
313401	
313577	
314257	
314444	
315656	
316354	
316840	
316859	
316934	
317258	
317342	
317379	
317650	
318639	
318835	
318947	
318974	
319047	
319458	
319551	
320034	
320052	
320070	
320119	
321152	
321255	
321273	
321330	
321947	
322056	
322449	
322476	
322551	
322757	
322850	
323204	
323651	
324153	
324229	
324256	
324274	
324340	
324854	
324863	
324975	
325141	
325459	
325534	
326054	
326344	
326858	
326979	
327220	
327305	
327435	
327556	
327855	
328058	
328357	
328656	
328777	
329149	
329345	
329550	
329952	
330239	
330248	
330855	
330873	
330949	
331076	
331375	
331544	
331713	
332055	
332224	
332345	
332402	
332671	
332756	
333034	
333203	
333650	
333856	
333940	
334264	
334648	
334657	
335346	
335355	
336147	
336361	
336576	
336950	
337247	
337340	
338178	
338646	
338851	
338945	
339054	
339072	
339353	
339456	
339607	
339773	
339858	
339876	
340135	
340144	
340256	
340443	
340742	
340751	
341310	
342054	
342362	
342410	
342634	
343051	
343248	
343257	
343770	
343903	
343958	
344647	
344816	
344852	
345309	
345345	
345747	
345756	
345877	
346379	
346566	
346771	
347022	
347639	
347956	
348159	
348720	
349129	
349343	
350572	
350657	
350750	
351131	
351560	
351878	
352370	
352651	
352745	
352772	
352820	
353238	
353546	
353555	
353724	
353957	
354057	
354253	
354310	
354552	
354851	
355120	
355559	
355858	
356239	
356659	
356752	
357151	
357526	
357553	
357777	
357937	
358112	
358448	
358756	
359472	
359650	
359744	
359838	
360777	
361055	
361167	
361279	
361354	
361439	
362043	
362155	
362717	
362856	
362940	
363442	
363648	
363657	
363778	
364131	
364270	
364430	
364449	
364850	
365325	
365745	
365848	
365950	
366078	
366238	
366247	
366359	
366658	
366854	
367150	
367178	
367431	
367543	
368054	
368344	
368522	
368933	
368951	
369453	
369659	
370020	
370271	
370347	
370721	
370833	
370954	
371223	
371232	
371362	
371559	
371755	
371849	
371924	
371942	
372444	
372538	
372640	
372855	
373115	
373272	
373553	
373601	
374130	
374354	
374653	
374774	
375034	
375043	
375379	
375502	
375566	
375650	
376237	
376273	
376442	
376947	
377663	
377850	
377908	
378044	
378110	
379050	
379153	
379171	
379470	
379649	
379920	
380346	
380458	
380533	
380654	
380841	
380878	
380944	
381026	
381343	
381839	
381932	
381950	
382050	
382069	
382256	
382274	
382443	
382537	
382649	
382658	
382742	
382854	
384018	
384278	
384353	
384652	
384830	
385350	
385471	
385547	
385686	
386432	
386450	
386731	
386825	
386852	
387055	
387671	
388155	
388258	
388557	
388744	
388753	
388874	
388940	
389059	
389358	
389376	
389826	
390336	
390372	
390840	
391418	
391557	
391575	
391959	
391977	
392152	
392255	
392778	
393252	
393355	
393953	
394156	
394259	
395238	
395274	
396057	
396244	
396253	
396356	
396954	
397456	
397531	
397540	
397559	
397755	
397858	
398051	
398248	
398631	
398668	
398837	
399357	
399517	
399731	
399973	
400057	
400141	
400365	
400767	
400945	
401072	
401559	
401755	
401906	
401951	
402462	
402846	
402873	
403067	
403106	
403151	
403179	
403254	
403656	
403870	
403946	
404653	
404943	
406022	
406059	
406666	
406778	
406974	
407168	
407506	
407645	
407850	
408307	
408642	
408875	
409265	
410159	
410560	
410748	
410917	
410944	
411062	
411174	
411231	
411240	
411473	
411512	
411549	
411576	
411624	
411651	
412153	
412452	
412555	
412667	
412751	
412845	
412872	
413141	
413208	
413347	
413543	
413646	
413673	
413758	
413851	
414102	
414652	
414764	
414858	
415770	
415855	
416245	
416272	
416339	
416357	
416656	
416674	
416973	
417626	
417710	
418100	
418249	
418436	
418856	
419255	
419406	
419460	
419675	
419947	
420578	
420644	
420653	
420877	
421445	
421539	
422059	
422116	
422433	
422657	
423159	
423449	
423636	
423739	
423841	
424156	
424240	
424352	
424437	
424633	
425050	
425108	
425818	
425845	
425911	
426057	
426141	
426534	
426758	
426945	
427241	
427353	
427858	
427960	
428060	
428462	
428547	
428855	
429021	
429487	
430036	
430054	
430344	
431172	
431323	
431350	
432012	
432058	
432432	
433505	
433550	
433608	
433859	
433943	
434203	
434539	
435059	
435077	
435255	
435666	
435750	
436159	
436542	
436739	
436953	
437044	
437914	
438050	
438434	
439132	
439338	
439356	
439404	
439730	
440857	
440978	
441050	
441078	
441135	
441256	
441359	
441434	
441470	
441630	
442011	
442057	
442244	
442655	
442806	
443148	
443205	
443353	
443625	
443634	
444350	
444556	
444677	
445674	
445852	
445955	
446130	
446149	
446176	
446877	
447070	
447100	
447557	
447874	
448040	
448554	
449038	
449430	
449832	
449841	
449935	
450472	
450632	
450669	
450753	
450856	
450959	
451068	
451246	
451273	
451965	
452104	
452159	
452739	
452841	
453147	
453446	
453839	
454340	
454546	
454658	
454676	
454975	
455150	
455253	
455459	
455477	
455552	
455945	
455972	
456045	
456054	
456157	
456250	
456344	
456755	
457060	
457220	
457426	
457752	
458142	
458544	
458553	
458665	
458946	
459130	
459354	
459372	
459644	
459671	
460033	
460275	
460332	
460341	
460350	
460556	
460770	
461058	
462774	
463203	
463342	
463605	
463650	
463735	
463977	
464255	
464853	
465038	
465243	
465337	
465524	
465618	
465672	
466044	
466240	
466754	
466857	
466932	
467144	
467265	
467470	
467658	
467733	
468673	
468806	
469250	
469559	
469737	
470032	
470050	
470434	
470452	
471057	
472018	
472045	
472148	
472250	
472531	
472616	
472643	
472951	
472979	
473042	
473257	
473266	
473501	
473930	
474058	
474245	
474254	
474357	
474450	
474544	
474656	
474759	
474777	
474919	
475345	
475354	
475653	
475756	
476342	
476445	
476472	
476539	
476810	
477303	
477321	
477349	
477376	
477639	
477648	
477844	
478140	
478195	
478252	
478430	
478533	
478766	
479071	
479268	
479370	
479446	
479567	
479754	
479839	
480059	
480228	
480246	
480330	
480433	
480723	
480853	
481140	
481159	
481177	
481430	
481579	
481627	
481748	
481944	
482053	
482156	
482370	
482446	
483274	
483537	
483751	
484057	
484141	
484776	
484927	
485054	
485139	
485214	
485456	
485559	
487142	
487357	
487843	
488318	
488420	
488653	
488756	
489155	
489249	
489548	
489623	
489641	
490179	
490348	
490450	
490535	
490843	
490955	
491224	
491251	
491402	
491653	
491934	
492650	
492810	
493077	
493152	
493741	
493844	
494168	
494261	
494654	
495044	
495419	
495558	
496434	
496845	
496957	
497039	
497404	
497570	
497655	
497851	
497954	
498148	
498317	
498362	
498456	
498531	
498625	
498942	
499154	
499453	
499501	
499743	
499752	
499855	
500256	
500658	
501105	
501132	
501459	
501655	
501767	
501815	
502111	
502447	
502559	
502652	
502746	
502849	
503547	
503640	
504142	
504311	
504535	
504647	
504713	
505550	
505831	
505916	
506052	
506249	
506922	
507068	
507152	
507330	
507349	
507509	
508270	
508346	
508355	
508841	
509811	
509857	
509950	
510330	
510648	
510871	
510938	
510947	
511832	
513256	
513322	
513340	
513546	
513854	
513920	
514048	
514057	
514066	
514132	
514356	
514655	
514936	
515054	
515979	
516154	
516855	
516873	
517049	
517357	
517441	
517674	
518037	
518176	
518354	
518877	
519146	
519360	
519445	
519874	
520003	
520423	
520777	
521064	
521158	
521804	
521952	
521970	
522034	
522454	
522605	
522669	
522753	
522847	
522856	
523161	
524579	
524757	
524766	
524953	
524971	
525053	
525549	
526452	
526519	
526854	
527057	
527178	
527507	
527600	
527749	
527954	
528102	
528241	
528849	
528960	
529275	
529341	
529659	
529958	
530655	
530703	
530851	
531157	
531250	
532042	
532453	
532752	
533124	
533227	
533535	
534073	
534242	
534466	
534756	
534859	
534877	
535034	
535575	
535641	
535753	
535874	
535931	
535940	
536059	
536349	
536527	
536554	
536853	
537038	
537243	
537355	
537449	
537551	
537560	
538222	
538473	
538754	
538802	
538950	
539032	
539340	
539377	
539452	
539872	
540056	
540542	
540551	
540739	
540775	
540850	
540926	
541101	
541231	
541307	
541642	
541754	
541857	
542153	
542340	
542528	
542649	
542667	
542854	
543262	
543459	
543945	
544335	
544447	
544577	
544652	
544951	
545154	
545604	
545846	
546003	
546320	
546535	
546544	
547251	
547550	
547840	
548052	
548203	
548267	
548351	
548472	
548641	
548771	
548829	
549862	
550279	
550354	
550448	
550635	
550653	
550756	
550952	
551016	
552059	
552161	
552545	
552956	
552974	
553038	
553926	
553944	
554268	
554343	
554857	
554941	
555256	
556011	
556459	
556815	
556936	
557317	
557438	
557858	
558574	
559179	
560214	
560353	
560438	
560830	
561145	
561574	
561659	
561864	
562058	
562076	
562553	
563233	
563336	
563457	
563934	
564052	
564324	
564463	
564557	
564678	
564838	
564856	
564977	
565143	
565152	
565170	
565536	
565750	
565844	
566056	
566243	
567240	
567679	
567736	
567905	
568126	
568135	
568359	
568377	
568470	
568939	
570558	
570651	
571135	
571265	
571920	
571957	
572347	
572374	
572459	
572655	
573036	
573335	
574051	
574079	
574949	
574976	
575133	
575254	
575348	
575375	
575647	
575656	
575759	
575834	
575955	
576354	
576541	
576578	
576608	
576644	
576653	
576952	
577128	
577137	
577230	
577472	
578116	
578237	
578255	
578554	
578741	
578862	
579140	
579319	
579364	
579636	
580155	
580548	
580847	
580874	
581237	
581358	
582177	
582654	
582878	
582953	
582971	
583071	
583138	
583268	
583352	
583754	
583905	
584377	
584724	
584920	
585235	
585749	
586027	
586072	
586335	
586960	
587677	
587752	
587800	
588245	
588348	
588478	
589158	
589523	
589943	
590220	
590248	
590640	
590976	
591209	
591320	
591357	
591366	
591740	
592439	
592448	
592550	
592644	
592859	
593007	
593052	
593249	
593333	
593771	
593940	
594433	
594451	
594853	
594938	
594947	
595270	
595337	
595430	
595869	
595944	
596062	
596156	
596277	
596455	
596642	
596978	
597041	
597313	
597452	
597546	
597658	
598002	
598048	
598132	
598534	
598543	
598646	
598954	
599643	
599764	
600419	
601032	
601041	
601050	
601153	
601416	
601443	
601658	
602048	
602543	
602842	
603232	
603540	
603559	
603755	
604024	
604033	
604547	
604640	
605571	
605610	
605656	
606046	
606176	
606653	
607146	
607333	
608358	
608451	
608844	
609010	
609467	
609476	
609609	
609645	
609832	
610128	
610164	
610539	
610557	
610913	
611031	
611451	
612159	
612878	
613008	
613156	
613307	
613343	
613400	
613558	
613679	
613839	
613950	
613978	
614256	
614313	
614368	
614751	
614948	
615217	
615253	
615776	
615851	
615879	
615954	
616036	
616148	
616540	
616849	
617051	
617079	
617145	
617275	
617341	
617538	
617743	
618544	
618647	
618740	
618777	
618807	
619327	
619457	
619701	
619859	
619877	
620015	
620752	
621151	
621245	
621357	
621441	
622037	
622653	
622774	
623052	
623454	
623548	
623874	
624246	
624648	
624778	
624956	
625056	
625065	
625140	
625159	
625654	
625757	
625850	
625953	
626101	
627108	
627377	
627425	
627854	
628039	
628123	
628178	
628356	
628552	
629148	
629353	
629522	
629746	
630041	
630340	
630555	
630658	
631039	
631150	
631178	
631422	
631570	
632410	
632607	
632858	
633341	
633378	
633501	
633640	
633677	
634544	
634955	
634973	
635457	
635840	
635907	
636276	
636753	
636771	
637170	
637451	
637554	
638131	
638355	
638850	
639343	
639549	
639567	
639633	
639651	
639857	
640143	
640246	
640442	
640554	
640956	
641355	
641449	
641579	
641775	
642437	
642549	
642857	
643078	
643274	
643340	
643452	
643658	
644057	
644141	
644646	
644776	
644842	
644954	
644963	
645157	
645317	
645465	
645540	
645577	
645625	
646042	
646145	
646172	
646444	
646471	
646556	
646743	
646873	
646958	
647218	
647245	
647414	
647432	
647759	
647777	
647955	
648130	
648242	
648251	
648345	
648550	
649342	
649632	
649874	
651121	
651149	
651158	
651354	
651448	
651457	
651541	
651756	
651859	
651952	
652043	
652070	
652874	
652959	
652977	
653134	
653433	
653611	
653648	
653778	
653947	
654047	
654252	
654300	
654579	
655530	
655660	
655839	
656032	
656247	
656377	
656470	
656658	
656779	
657178	
657271	
657365	
657459	
657758	
657954	
658072	
658474	
658924	
659341	
659453	
659556	
659640	
659734	
659855	
660066	
660253	
660271	
660570	
660655	
660879	
660927	
661072	
661157	
661223	
661308	
661474	
661858	
662350	
662369	
662949	
663058	
663245	
663450	
663638	
663647	
663656	
663834	
663955	
664176	
664206	
664653	
664756	
665146	
665258	
665865	
666059	
666358	
666554	
666844	
666974	
667029	
667252	
667346	
667524	
667551	
667757	
668053	
668147	
669555	
670430	
670467	
670560	
670654	
670748	
670775	
670878	
671053	
671147	
671334	
671464	
671558	
672041	
672238	
672247	
672537	
672573	
673244	
673440	
673477	
673851	
673909	
674344	
674849	
675042	
675051	
675079	
675248	
675332	
675341	
675659	
675855	
676049	
676151	
676478	
677176	
677354	
677448	
677644	
677756	
677970	
678052	
678070	
678258	
678454	
678557	
678717	
678744	
679246	
679451	
679648	
680055	
680130	
680354	
680457	
680747	
680813	
681043	
681249	
682143	
682479	
682563	
682648	
683449	
683814	
684455	
685023	
685649	
685676	
685779	
686459	
686570	
686758	
687009	
687054	
687830	
687951	
688079	
688257	
688453	
688556	
689209	
689357	
689759	
691042	
691556	
691743	
691958	
692450	
692704	
692946	
693073	
693224	
693345	
693952	
694146	
694771	
694847	
694904	
695134	
695349	
695947	
696047	
696168	
696430	
696551	
696645	
697035	
697147	
697156	
697231	
697633	
697763	
697950	
697978	
698144	
698546	
698649	
699105	
699253	
699534	
700140	
700252	
700430	
700458	
701062	
701222	
701259	
701839	
701857	
701950	
702117	
702359	
702612	
702836	
702911	
702966	
703039	
703552	
703767	
704559	
704755	
705378	
705444	
705556	
706030	
706058	
706236	
706254	
706450	
706656	
707354	
708379	
708753	
709143	
709451	
709554	
709602	
709639	
709956	
710176	
710859	
711472	
711520	
711548	
711753	
711801	
712059	
712273	
712648	
712956	
713047	
713140	
713252	
713476	
713926	
714165	
714437	
714839	
714978	
715032	
715050	
715144	
715340	
715470	
715630	
715872	
715975	
716374	
716413	
716655	
716833	
716851	
716954	
717232	
717513	
717670	
717737	
717924	
718079	
718145	
718275	
718538	
719030	
719610	
719656	
719964	
720157	
720344	
720746	
720858	
721350	
721752	
721949	
722227	
722432	
722544	
722777	
722816	
723112	
723158	
723550	
723653	
723756	
723822	
723868	
724230	
724548	
724744	
724904	
724940	
725077	
725732	
725741	
725853	
726458	
726953	
727174	
728948	
728957	
729011	
729057	
729132	
729178	
729310	
729459	
729570	
729842	
729945	
730745	
731050	
731247	
731957	
732178	
732253	
732637	
732758	
732918	
732954	
733054	
733540	
733559	
733661	
733755	
733951	
734051	
734248	
734350	
734538	
734613	
735049	
735067	
735414	
735441	
735656	
735768	
735973	
736158	
736206	
736448	
736550	
736662	
737548	
738013	
738040	
738143	
738255	
738303	
738572	
738657	
738769	
739346	
739355	
739560	
739832	
740249	
741068	
741152	
741330	
741358	
741648	
741844	
741956	
741974	
742056	
742355	
742542	
742636	
742944	
743679	
743950	
744238	
744256	
744854	
745150	
745347	
746157	
746223	
746429	
746513	
746755	
746942	
746979	
747051	
747257	
748254	
748357	
748441	
748964	
749242	
749635	
749840	
749943	
749952	
750051	
750127	
750154	
750239	
750341	
750444	
750846	
751254	
751656	
751852	
752644	
752831	
753052	
753324	
753641	
753856	
754068	
754246	
754536	
754826	
754853	
754929	
755047	
755252	
755421	
755458	
756343	
756848	
757377	
757452	
757612	
757779	
758703	
758842	
758851	
759045	
759625	
760210	
760331	
760340	
760434	
760649	
760854	
760939	
760957	
761244	
761347	
761459	
761543	
761806	
761833	
761851	
761954	
762045	
762353	
762447	
762474	
762773	
763211	
763677	
763930	
764030	
764058	
764067	
764142	
764151	
764441	
764816	
765019	
765318	
765354	
765505	
765662	
765877	
766052	
766164	
767040	
767152	
767246	
767255	
767554	
767572	
767611	
767732	
767974	
768074	
768252	
768458	
768476	
768953	
769156	
769334	
770068	
770451	
770545	
770639	
770657	
770853	
771047	
771140	
771458	
771609	
771748	
771878	
772008	
772240	
772446	
772754	
773032	
773171	
773247	
773443	
773470	
773546	
773742	
774132	
774235	
774253	
774262	
774347	
775054	
775241	
775456	
775773	
776369	
776547	
777254	
777366	
777375	
777441	
777870	
778738	
779016	
779351	
779360	
779641	
779650	
779968	
780049	
780218	
780263	
780562	
780722	
780955	
781028	
782016	
782306	
782351	
782548	
783161	
783246	
783349	
783648	
783844	
783910	
784159	
784430	
785147	
785473	
785857	
785923	
785932	
785950	
786210	
786256	
786274	
786340	
786555	
786612	
786733	
786948	
787141	
787459	
787842	
788559	
788652	
788773	
789051	
790150	
790271	
790543	
790703	
790918	
791072	
791353	
791821	
791942	
792248	
792453	
792640	
792659	
793571	
794149	
794336	
794345	
794475	
794653	
795249	
795548	
795959	
795968	
796152	
796451	
796572	
796657	
797140	
797775	
798277	
798512	
799359	
799751	
799854	
799939	
799948	
800134	
800442	
800479	
800657	
800853	
801047	
801056	
801654	
802866	
803256	
803265	
803649	
803658	
803957	
804150	
804338	
804374	
804422	
804815	
804860	
804963	
805045	
805250	
805335	
805447	
805755	
805876	
806220	
806846	
806958	
807348	
807432	
807656	
807946	
807955	
808176	
808260	
808345	
808354	
808448	
808653	
809070	
809276	
809379	
809539	
809650	
809678	
809771	
809856	
810544	
810777	
811046	
811279	
811457	
811541	
811550	
811747	
812164	
812379	
812436	
812557	
812614	
813059	
813572	
813853	
814074	
814355	
814430	
814458	
814476	
814551	
814711	
815053	
815147	
815156	
815277	
815754	
815772	
816210	
816256	
816304	
816603	
816751	
817477	
817824	
818401	
818540	
818559	
818652	
819154	
819172	
819453	
819556	
819855	
820048	
820301	
820477	
820842	
820879	
821036	
821157	
821559	
821643	
821906	
822042	
822051	
822275	
822408	
822556	
822631	
822846	
823076	
823133	
823142	
823450	
823478	
823553	
823638	
823656	
824242	
824653	
824671	
824738	
825146	
825454	
825548	
825753	
825847	
825940	
826451	
826648	
826956	
827355	
827458	
827560	
828110	
828174	
828473	
828651	
829032	
829041	
829050	
829452	
830113	
830252	
830355	
830542	
830645	
830748	
831008	
831352	
831576	
831642	
831875	
831941	
832528	
832546	
833404	
833646	
833749	
833758	
833851	
834175	
834755	
835079	
835257	
835378	
835444	
835613	
835659	
835743	
835770	
836656	
836843	
836852	
837000	
837037	
837046	
837149	
837158	
837354	
837448	
837541	
837608	
837653	
837840	
837952	
837970	
838155	
839068	
839246	
839255	
839572	
839817	
839974	
840019	
840251	
840354	
840363	
840578	
840747	
841472	
841753	
841838	
842376	
842460	
842853	
843476	
843542	
843953	
844053	
844138	
844455	
844567	
845247	
845443	
845452	
845573	
846132	
846619	
846945	
847157	
847979	
848248	
848453	
849076	
849348	
849357	
849432	
849647	
850036	
850054	
850456	
851060	
851172	
851239	
851631	
852218	
852254	
852320	
852357	
852544	
852704	
852713	
852973	
853112	
853251	
853671	
853747	
853804	
853934	
853952	
854173	
854351	
854454	
854548	
854753	
854847	
855143	
855264	
855303	
855563	
855648	
855741	
855844	
855956	
856159	
856243	
856346	
856458	
856542	
856748	
856869	
856944	
857259	
857455	
857576	
857745	
857811	
857875	
857941	
858153	
858443	
858452	
858528	
858818	
858854	
859002	
859141	
859552	
859655	
859712	
860053	
860147	
860231	
860259	
860334	
860352	
861153	
861304	
861658	
861742	
861854	
862057	
862141	
862945	
863362	
863607	
863652	
863746	
864248	
864378	
864471	
864846	
864855	
865142	
865151	
865450	
865544	
865759	
865852	
866000	
866055	
866121	
866251	
867070	
867258	
867632	
867650	
867856	
868059	
868442	
868572	
868844	
868956	
869346	
869551	
869663	
869953	
870539	
870650	
870856	
870913	
871358	
871648	
871769	
871956	
872047	
872579	
873259	
874050	
874452	
874845	
875048	
875057	
875132	
875655	
875758	
875879	
875936	
876157	
876634	
876700	
877154	
877350	
877369	
877752	
877958	
878898	
879336	
879439	
879457	
879550	
879644	
879747	
880332	
880855	
881012	
881441	
881478	
881544	
881852	
881900	
882242	
882541	
882701	
882952	
883351	
883959	
884303	
884358	
884376	
884442	
884648	
884657	
885225	
885252	
885430	
885579	
885869	
886204	
886624	
887340	
887827	
887854	
888002	
888141	
888271	
888552	
888833	
890050	
890078	
890603	
890649	
890742	
890957	
891226	
891253	
892205	
892223	
893248	
893640	
893855	
894272	
894348	
894544	
894834	
894946	
895055	
895448	
895710	
896155	
896427	
897170	
897237	
897330	
897451	
897648	
897853	
898458	
898579	
898627	
898850	
899008	
899156	
899343	
899428	
899642	
899651	
900034	
900146	
900306	
900379	
900502	
900678	
901134	
901358	
901451	
901741	
901938	
901974	
902645	
902672	
903240	
903455	
903754	
903950	
904171	
904359	
904845	
905356	
905673	
906241	
906410	
906652	
907444	
907547	
908450	
908553	
908861	
909055	
909756	
910079	
910118	
910239	
911160	
911339	
911759	
911973	
912550	
912578	
912756	
913146	
913436	
913753	
913856	
914545	
914648	
914853	
915056	
915065	
915878	
915935	
916259	
916343	
916745	
916857	
917050	
917500	
917555	
917630	
917742	
917854	
918132	
918150	
918356	
918477	
918655	
918776	
918879	
918918	
918954	
919344	
919456	
919568	
919755	
919773	
920210	
920359	
920733	
920854	
920975	
921039	
921178	
921655	
921879	
921936	
922157	
922344	
922559	
922924	
923257	
923350	
923707	
923752	
923855	
923949	
924058	
924236	
924254	
924357	
924405	
924553	
924843	
924937	
925037	
925055	
925354	
925411	
925653	
925859	
926342	
926632	
926650	
926959	
927077	
927134	
927479	
928056	
928421	
928618	
929352	
929802	
929932	
929978	
930358	
930442	
930853	
930871	
930965	
931038	
931047	
931159	
931207	
931270	
931355	
931458	
931944	
932277	
932633	
932642	
932745	
932978	
933023	
933041	
933256	
933340	
933377	
933621	
933863	
933966	
933975	
934271	
934329	
934646	
934673	
934954	
935111	
935250	
935308	
935559	
935577	
935719	
936136	
936426	
936462	
936583	
936640	
936837	
936855	
937339	
937553	
937740	
937759	
937834	
937843	
938354	
938550	
938859	
939070	
939249	
940021	
940311	
940674	
940731	
940852	
941541	
941653	
941804	
942258	
942454	
942539	
942847	
943143	
943152	
943273	
943675	
943853	
943974	
944047	
944337	
944355	
944551	
944627	
944739	
944748	
944935	
945026	
945053	
945071	
945950	
946171	
946274	
946461	
946555	
947525	
947628	
947655	
947749	
947776	
948036	
948250	
948278	
948531	
948643	
949154	
949305	
949453	
950141	
950178	
950356	
950758	
951102	
952172	
952257	
952677	
952846	
953535	
953843	
953852	
954158	
954251	
954279	
954653	
954671	
955548	
955753	
955940	
955959	
955977	
956134	
956152	
956255	
956358	
956376	
956527	
956554	
956750	
956938	
956956	
957757	
958204	
958231	
958558	
958727	
958763	
959304	
959443	
959630	
959715	
960047	
960533	
960551	
960560	
960935	
961259	
961343	
961400	
961446	
961576	
961624	
961811	
962256	
962313	
962890	
962966	
963002	
963730	
963945	
963954	
964157	
964250	
964700	
965051	
965789	
966272	
966722	
966731	
966973	
967046	
967943	
967952	
968070	
968155	
968249	
968557	
968744	
969059	
969255	
969424	
969639	
969844	
969956	
969974	
970055	
971070	
971379	
971959	
972143	
972406	
972648	
972732	
972750	
972769	
972862	
973252	
973364	
974558	
974754	
975153	
975256	
975452	
975555	
975751	
975854	
976226	
976534	
976552	
976703	
976954	
977045	
977250	
977616	
977652	
977951	
978118	
978239	
978417	
978622	
979133	
979151	
979357	
979375	
979629	
979759	
980438	
980531	
980661	
980773	
980951	
980960	
981275	
981350	
981453	
982142	
982348	
982553	
982937	
983055	
983158	
983457	
983550	
984258	
984351	
984379	
984454	
984650	
984856	
985451	
985479	
986159	
986551	
986672	
986757	
986935	
987053	
987231	
987259	
987352	
987576	
987651	
987848	
988144	
988153	
988256	
988452	
988845	
989141	
989347	
989534	
989730	
989758	
989851	
990053	
990352	
990642	
991078	
991135	
991340	
991359	
991555	
991621	
991854	
992851	
993250	
993353	
994435	
994770	
995076	
995272	
995517	
995571	
995674	
995955	
996260	
997052	
997155	
997557	
997650	
997847	
998358	
998648	
998657	
998844	
999355	
999935	
1000052	
1000100	
1000276	
1000641	
1000856	
1000959	
1001059	
1001152	
1001451	
1001639	
1001648	
1001817	
1001853	
1002355	
1002373	
1002430	
1002458	
1002878	
1002953	
1003455	
1003558	
1003839	
1003950	
1004256	
1004470	
1005075	
1005552	
1005655	
1005851	
1006148	
1006157	
1006344	
1006513	
1006559	
1006652	
1006951	
1007015	
1007051	
1007154	
1007417	
1007659	
1007734	
1007752	
1007819	
1007846	
1007873	
1007930	
1007958	
1008076	
1008151	
1008209	
1008432	
1008450	
1008553	
1008674	
1008955	
1009055	
1009242	
1009354	
1009756	
1009840	
1010015	
1010574	
1011432	
1011526	
1011553	
1011638	
1011656	
1011852	
1011955	
1012251	
1012457	
1012671	
1013070	
1013650	
1013744	
1013856	
1014059	
1014125	
1014246	
1014255	
1014376	
1014451	
1014554	
1014657	
1014853	
1014965	
1015243	
1015252	
1015270	
1015458	
1015467	
1015560	
1015832	
1015841	
1015850	
1016174	
1016231	
1016259	
1016558	
1016718	
1016848	
1016857	
1016941	
1017425	
1017555	
1017564	
1017854	
1017939	
1017957	
1018927	
1157415	
1158878	
1160509	
1161216	
1162017	
1163283	
1169650	
1176881	
1176920	
1186965	
1187001	
1187551	
1188772	
1188987	
1189993	
1190476	
1191352	
1191482	
1198605	
1211371	
1216022	
1216321	
1216826	
1218446	
1222519	
1222948	
1225752	
1225761	
1225798	
1228034	
1229198	
1293078	
1356768	
1369870	
1386251	
1387203	
1387605	
1390324	
1391778	
1394621	
1394676	
1396764	
1397471	
1401387	
1401891	
1402384	
1404481	
1404883	
1404940	
1412619	
1412712	
1414819	
1416279	
1418255	
1429028	
1435092	
1436071	
1436204	
1439456	
1440117	
1443266	
1444021	
1445943	
1447639	
1456501	
1458608	
1459717	
1459735	
1459799	
1462986	
1469677	
1470150	
1474309	
1478231	
1479470	
1481745	
1481754	
1492817	
1493319	
1494482	
1494914	
1516423	
1629903	
1718188	
1718469	
1820979	
1826382	
1836701	
1842065	
1852569	
1862719	
1863097	
1864197	
1867983	
1872941	
1872996	
1879016	
1883321	
1885932	
1890525	
1892154	
1893049	
1897270	
1914421	
1917301	
1918344	
1929247	
1940747	
1945247	
2002222	
2006024	
2007991	
2009605	
2010722	
2037185	
2044811	
2044820	
2047504	
2051127	
2059990	
2068107	
2078290	
2107181	
2107341	
2119773	
2121196	
2122997	
2123930	
2132594	
2132941	
2140348	
2142155	
2163477	
2164111	
2182786	
2193616	
2209553	
2218443	
2232757	
2233875	
2236821	
2239288	
2253891	
2262718	
2265456	
2290887	
2297998	
2298995	
2304636	
2305969	
2316714	
2317672	
2325882	
2328137	
2328285	
2329200	
2332910	
2333140	
2337335	
2339599	
2339795	
2339900	
2343167	
2344753	
2349301	
2349459	
2353595	
2354323	
2354387	
2354985	
2356091	
2358769	
2360904	
2362458	
2371816	
2372774	
2385514	
2390929	
2391588	
2396592	
2396604	
2398701	
2434113	
2451240	
2465881	
2467670	
2471239	
2482824	
2483120	
2483438	
2489805	
2490285	
2496081	
2497181	
2502656	
2502825	
2505424	
2505451	
2505460	
2506328	
2508751	
2512347	
2515320	
2518497	
2524797	
2529176	
2531562	
2531991	
2532082	
2533043	
2533119	
2535560	
2536633	
2539081	
2539960	
2562137	
2562164	
2567123	
2568063	
2576134	
2577739	
2580243	
2587916	
2590037	
2594240	
2594419	
2596646	
2597223	
2598396	
2600039	
2602828	
2605566	
2607412	
2608754	
2610784	
2614344	
2615190	
2615220	
2618780	
2619714	
2621285	
2621940	
2624400	
2625724	
2631172	
2631323	
2631846	
2634191	
2634351	
2641827	
2642598	
2643595	
2649122	
2649177	
2651899	
2652092	
2654911	
2655495	
2661861	
2666400	
2667920	
2667939	
2667957	
2668598	
2684552	
2686211	
2687133	
2687487	
2692753	
2693264	
2694681	
2694944	
2696180	
2697963	
2700984	
2702764	
2705112	
2705895	
2708122	
2710554	
2713920	
2716088	
2716828	
2717012	
2718596	
2719810	
2723376	
2724766	
2726050	
2728661	
2728746	
2729677	
2730431	
2732565	
2733263	
2734729	
2735137	
2735146	
2735173	
2735324	
2736219	
2736291	
2736451	
2736714	
2737980	
2743244	
2744782	
2745426	
2745529	
2746245	
2746263	
2747279	
2747466	
2747587	
2748502	
2749059	
2751007	
2753917	
2754222	
2754389	
2756730	
2756767	
2756909	
2757205	
2758024	
2758613	
2759629	
2760102	
2760232	
2764212	
2765602	
2769570	
2769954	
2771694	
2774707	
2775151	
2775179	
2775692	
2785477	
2785646	
2787770	
2788656	
2791085	
2791517	
2793593	
2794732	
2796277	
2797162	
2797210	
2797359	
2797724	
2800491	
2804864	
2805535	
2805928	
2806635	
2806840	
2806877	
2807173	
2808602	
2809373	
2811086	
2815879	
2819167	
2819242	
2820604	
2823221	
2823230	
2826017	
2826316	
2833882	
2834759	
2835103	
2835756	
2836306	
2838207	
2839053	
2839790	
2845755	
2845782	
2847085	
2847142	
2848756	
2849285	
2849463	
2849801	
2850722	
2850768	
2851185	
2853358	
2854494	
2855866	
2855978	
2857600	
2858492	
2858960	
2860039	
2860271	
2860459	
2861317	
2867337	
2869162	
2871099	
2871558	
2877345	
2877484	
2877831	
2877840	
2880019	
2881445	
2882983	
2883971	
2887399	
2888789	
2889227	
2896216	
2897633	
2901558	
2903123	
2905761	
2907019	
2907439	
2909330	
2911856	
2912750	
2913702	
2913887	
2914268	
2914727	
2915126	
2915461	
2916534	
2916963	
2917184	
2917317	
2919423	
2919898	
2920287	
2920773	
2921211	
2921622	
2921659	
2924128	
2925620	
2925666	
2927615	
2929392	
2938198	
2938769	
2939001	
2939391	
2941068	
2942690	
2942823	
2943615	
2947556	
2948058	
2948423	
2949970	
2953418	
2954059	
2954497	
2957014	
2958972	
2960555	
2960788	
2963266	
2963275	
2963547	
2963864	
2966614	
2967796	
2970657	
2973041	
2973386	
2980209	
2986407	
2989006	
2992501	
2992547	
2997216	
2997748	
2998576	
3005097	
3010000	
3010363	
3013823	
3015939	
3016347	
3017081	
3019982	
3020447	
3022076	
3022610	
3025929	
3027763	
3028902	
3029253	
3029589	
3032833	
3034257	
3034695	
3039636	
3040418	
3041358	
3042234	
3045383	
3047659	
3048487	
3049635	
3049729	
3051432	
3052813	
3057818	
3058114	
3058329	
3066025	
3067929	
3068579	
3070545	
3075474	
3076220	
3076248	
3076453	
3076604	
3089752	
3090833	
3093964	
3097243	
3102893	
3103591	
3109043	
3109146	
3110197	
3116519	
3118447	
3120646	
3120897	
3121072	
3121308	
3122994	
3125315	
3125557	
3128923	
3131400	
3133570	
3134399	
3134698	
3138146	
3139321	
3140822	
3141726	
3145797	
3146150	
3148033	
3148613	
3150205	
3150447	
3151417	
3153233	
3153297	
3153345	
3154780	
3158546	
3160978	
3165357	
3166699	
3174920	
3177426	
3180136	
3184228	
3185579	
3185896	
3187395	
3187612	
3187630	
3189063	
3194638	
3194692	
3199811	
3202702	
3202962	
3203996	
3211937	
3212149	
3212402	
3213333	
3213735	
3214059	
3216017	
3216316	
3217331	
3217957	
3219269	
3220863	
3221468	
3223305	
3223408	
3223417	
3224302	
3224375	
3224478	
3224580	
3228908	
3229642	
3229875	
3232204	
3232370	
3235410	
3243282	
3247589	
3248849	
3253834	
3254297	
3262788	
3266825	
3267738	
3268173	
3268249	
3270046	
3271799	
3271986	
3272956	
3274709	
3276543	
3277241	
3280625	
3281510	
3282012	
3282692	
3282852	
3284070	
3284397	
3284445	
3284490	
3285246	
3285778	
3286999	
3287660	
3288452	
3290240	
3293540	
3296859	
3297490	
3302312	
3303298	
3303917	
3303944	
3303953	
3306280	
3306598	
3308529	
3308574	
3309393	
3309571	
3310287	
3312124	
3313943	
3314043	
3314119	
3316739	
3317192	
3317932	
3320576	
3320781	
3322468	
3325759	
3335301	
3337097	
3340725	
3340903	
3341393	
3342671	
3343146	
3344321	
3345065	
3346268	
3346633	
3347603	
3347911	
3348468	
3348888	
3349241	
3350658	
3350724	
3351440	
3353154	
3353266	
3354599	
3356191	
3357077	
3357219	
3357385	
3357620	
3357947	
3358270	
3366239	
3368635	
3368925	
3370133	
3370357	
3370384	
3371309	
3374234	
3374382	
3374403	
3374412	
3374878	
3376733	
3377235	
3378773	
3382547	
3383599	
3383665	
3384372	
3384952	
3385744	
3386143	
3386264	
3386536	
3386983	
3387140	
3388165	
3388482	
3390337	
3390627	
3391718	
3392975	
3393851	
3394278	
3394380	
3395293	
3397233	
3398100	
3398623	
3401970	
3402913	
3404207	
3404373	
3404467	
3404506	
3404999	
3407084	
3408728	
3410141	
3411773	
3412417	
3415454	
3415463	
3419416	
3424483	
3425725	
3428258	
3429219	
3429282	
3433047	
3435948	
3437148	
3437157	
3437166	
3437456	
3437483	
3438060	
3438958	
3440803	
3440830	
3441677	
3443345	
3444539	
3445460	
3445901	
3446225	
3446636	
3446784	
3447576	
3447772	
3447820	
3448162	
3448425	
3449066	
3451050	
3453737	
3455227	
3455236	
3459207	
3459216	
3461264	
3462449	
3462458	
3463875	
3465226	
3465392	
3466988	
3468450	
3470097	
3470154	
3470239	
3470864	
3470930	
3472046	
3472859	
3475083	
3476192	
3479018	
3480069	
3481703	
3482045	
3482111	
3485215	
3485420	
3487433	
3487518	
3487947	
3488579	
3488869	
3489035	
3489071	
3490871	
3517590	
3525577	
3529315	
3531176	
3532641	
3535848	
3537897	
3538009	
3540310	
3545258	
3546862	
3547131	
3547896	
3548567	
3548763	
3555248	
3555695	
3559714	
3561771	
3567269	
3579589	
3580334	
3588312	
3588424	
3591004	
3591282	
3592047	
3592609	
3593307	
3594005	
3594087	
3594797	
3595271	
3595637	
3595682	
3596250	
3596894	
3597211	
3597677	
3599804	
3602889	
3603961	
3606971	
3607062	
3608751	
3610567	
3610718	
3612525	
3613559	
3614369	
3614837	
3614846	
3614958	
3614976	
3615021	
3617856	
3619216	
3620539	
3620922	
3623110	
3623969	
3625002	
3625664	
3626184	
3626858	
3627109	
3629420	
3629484	
3630323	
3633016	
3633173	
3634394	
3635029	
3635533	
3635551	
3636259	
3636428	
3636446	
3636914	
3637247	
3637685	
3637706	
3640359	
3645840	
3646397	
3648337	
3650563	
3650808	
3655933	
3660478	
3664588	
3667132	
3671997	
3678857	
3685396	
3686928	
3688043	
3688548	
3688623	
3690121	
3690596	
3690635	
3690701	
3696936	
3706013	
3715444	
3715800	
3716320	
3716852	
3719648	
3720336	
3720608	
3721605	
3729124	
3750650	
3783313	
3783948	
3786435	
3793714	
3804535	
3806481	
3807880	
3812147	
3816154	
3816163	
3816190	
3816510	
3821037	
3821626	
3821822	
3825080	
3832127	
3835454	
3843392	
3851427	
3869123	
3885123	
3918898	
3938186	
3939240	
3943210	
3952904	
4032791	
4114567	
4125778	
4146830	
4149037	
4165907	
4210227	
4262534	
4368351	
4536084	
4845861	
5047505	
5050028	
5082382	
5136959	
5143788	
5192496	
5193989	
5205819	
5210989	
5227101	
5230790	
5278251	
5303724	
5312593	
5313312	
5316920	
5332603	
5336928	
