"IDRSSD"	RCFN2133	RCFN2898	
	TOTAL IBF ASSETS	TOTAL IBF LIABILITIES	
37			
242			
279			
354			
457			
505			
1155			
1351			
1454			
1557			
1669			
1829			
1856			
2040			
2161			
2376			
2554			
2732			
2750			
3252			
3458			
3720			
3953			
4156			
4231			
4437			
4839			
5005			
5069			
5135			
5210			
5331			
5461			
5751			
6039			
6141			
6329			
6972			
7009			
7045			
7157			
7456			
7634			
8033			
8462			
8631			
9357			
9553			
9807			
9955			
10250			
10849			
10858			
11145			
11640			
11837			
12030			
12142			
12245			
12311			
12647			
12656			
12937			
12946			
12955			
13103			
13251			
13457			
14052			
14155			
14650			
14753			
14865			
14977			
16458			
16551			
16748			
16944			
16953			
17110			
17147			
17259			
17464			
17950			
18050			
18135			
18377			
18827			
18836			
18854			
18957			
19356			
19730			
19936			
19972			
20053			
20512			
20633			
20857			
21256			
21359			
21630			
21658			
22048			
22356			
22543			
22552			
22730			
22936			
22954			
23045			
23241			
23456			
23504			
23540			
23643			
23755			
24006			
24453			
24659			
24668			
24855			
24949			
25357			
25647			
26149			
26242			
26457			
26765			
26859			
27548			
27614			
27847			
28152			
28255			
28349			
28406			
28572			
28732			
29104			
29636			
29953			
30052			
30258			
30418			
30502			
30650			
30810			
31134			
31255			
31657			
31826			
31835			
32234			
32766			
33147			
33259			
33268			
33754			
33839			
33857			
34153			
34359			
34425			
34434			
34452			
34537			
34555			
34742			
34836			
35057			
35301			
35570			
35646			
35842			
36054			
36344			
36456			
36858			
36933			
37051			
37341			
37378			
37435			
37640			
37659			
37743			
37949			
38535			
38740			
39327			
39420			
39475			
39756			
40033			
40350			
40707			
40855			
41245			
41553			
41629			
41759			
41825			
41937			
41955			
42037			
42055			
42354			
42420			
42448			
42457			
43052			
43351			
43454			
43744			
43856			
43959			
44040			
44433			
44741			
44750			
44929			
45038			
45047			
45056			
45430			
45458			
45551			
45560			
45775			
46053			
46941			
47153			
47247			
47256			
47452			
47500			
48057			
48150			
48374			
48440			
49054			
49148			
49241			
49344			
49643			
49652			
49821			
49858			
49951			
50144			
50461			
50546			
50854			
50957			
51253			
51356			
51459			
51730			
51842			
52410			
52719			
52951			
53015			
53033			
53051			
53239			
53453			
53752			
54049			
54058			
54375			
54441			
54656			
55176			
55336			
55635			
55653			
56258			
56351			
56427			
56548			
56557			
56717			
57040			
57228			
57255			
57451			
57572			
57956			
58074			
58207			
58225			
58243			
58355			
58551			
58636			
58757			
58971			
59316			
59352			
59679			
59754			
60143			
60330			
60433			
60545			
60554			
60648			
61122			
61355			
61476			
61757			
61832			
61953			
62044			
62110			
62147			
63050			
63069			
63078			
63201			
63359			
63573			
63733			
63742			
63751			
64150			
64543			
64552			
64619	0	0	
64730			
65205			
65241			
65513			
65559			
65746			
65858			
66015	139754	16504	
66154			
66172			
66275			
66837			
67142			
67151			
67209			
67254			
67311			
68345			
68448			
68756			
68831			
68840			
68859			
68943			
69333			
69678			
69847			
70049			
70058			
70218			
70414			
70638			
70955			
71318			
71457			
71859			
72258			
72351			
72454			
72678			
73031			
73116			
73152			
73554			
73956			
74056			
74140			
74159			
74403			
74449			
74458			
75053			
75259			
75446			
75455			
75558			
75633	0	3054065	
75651			
76135			
76153			
76443			
76854			
77150			
77253			
77422			
77758			
77851			
78036			
78157			
78241			
78559			
78858			
79042			
79127			
79145			
79257			
79855			
80020			
80150			
80431			
80552			
80936			
81429			
82033			
82257			
82350			
82659			
83151			
83236			
83375			
83638			
83834			
83852			
83955			
84046			
84055			
84251			
84541			
84804			
85052			
85258			
85454			
85931			
86349			
86358			
86527			
86554			
87047			
87159			
87234			
87476			
88240			
88259			
88352			
88455			
88530			
88950			
89032			
89135			
89751			
89854			
89957			
90047			
90328			
90337			
90645			
90739			
91156			
91259			
91615			
91651			
91754			
91950			
92050			
92144			
92706			
92854			
92902			
93244			
93413			
93543			
93619			
93721			
93758			
94139			
94456			
94522			
94755			
94858			
95051			
95659			
96553			
97055			
97279			
97457			
97804			
97943			
98351			
98454			
98463			
98548			
98641			
98717			
99059			
99143			
99255			
99442			
99536			
99853			
99974			
100236			
100357			
100553			
100562			
100843			
101019	1	265219	
101037			
101345			
101439			
101671			
101738			
101952			
102155			
102333			
102342			
102539			
102557			
103134			
103255			
103563			
103602			
104056			
104234			
104430			
104542			
105026			
105044			
105053			
105071			
105222			
105530			
105633			
106359			
106377			
106452			
106519			
106546			
106658			
107057			
107226			
107244			
107431			
107459			
107758			
108269			
108652			
108746			
108951			
109136			
109154			
109453			
109574			
109659			
110413			
110655			
110936			
110945			
111157			
111205			
111661			
111942			
111979			
112163			
112332			
112444			
112510			
112556			
112837			
113003			
113030			
113441			
113601			
113740			
113937			
114149			
114158			
114251			
114260			
114457			
114756			
114774			
114840			
114859			
115100			
115146			
115155			
115221			
115575			
115641			
116077			
116358			
116554			
116639			
116732			
116741			
117038			
117458			
117672			
117775			
118156			
118174			
118660			
118736			
119153			
119274			
119528			
119779			
120542			
120609			
120953			
121642			
121651			
121914			
122153			
122546			
122751			
122854			
123178			
123440			
123646			
124344			
124353			
124830			
125154			
125855			
125958			
126012			
126049			
126254			
126553			
126740			
126834			
127055			
127224			
127701			
128258			
128511	15879	15880	
128904			
129349			
129358			
129479			
129732			
129853			
129910			
130345			
130541			
130813			
131034			
131155			
131173			
131418			
131436			
131650			
131717			
131940			
132107			
132152			
132219			
132451			
132554			
132853			
132938			
133850			
133971			
134156			
134437			
134455			
134848			
135836			
135854			
136048			
136338			
136459			
136655			
137205			
137447			
137456			
137559			
137643			
137652			
137821			
137915			
138051			
138257			
138556			
138725			
138752			
139133			
139432			
139478			
139553			
139656			
139740			
139834			
139843			
139955			
140018			
140157			
140362			
140634			
141211			
141341			
141350			
141453			
141556			
141958			
142049			
142571			
142656			
142955			
143158			
143662			
143859			
143952			
144034			
144052			
144155			
144436			
144856			
144913			
145059			
145545			
145554			
145741			
145750			
145844			
145956			
146056			
146533			
146618			
146654			
146663			
146850			
147053			
147633			
147651			
147679			
147857			
147923			
148144			
148238			
148340			
148715			
148809			
148920			
149150			
149253			
149271			
150035			
150044			
150156			
150334			
150352			
150727			
150754			
151331			
151546			
151555			
151751			
151957			
152057			
152253			
152431			
152440			
152851			
153054			
153353			
154154			
154257			
154770			
155245			
155517			
155759			
155777			
156457			
156635			
156952			
157155			
157379			
157650			
157744			
157856			
157904			
158554			
158741			
158750			
158947			
158974			
159636			
159645			
159953			
160360			
160454			
160557			
160614	0	0	
160650			
160959			
161273			
161433			
161602			
162337			
163343			
163370			
163549			
163857			
164032			
164153			
164331			
164377			
164854			
164957			
164975			
165039			
165628			
165758			
165806			
166111			
166531			
166652			
166803			
166849			
167060			
167453			
167556			
167565			
167752			
167864			
168441			
168571			
169073			
169327			
169354			
169653			
169756			
169952			
170051			
170257			
170332			
170640			
170716			
170976			
171133	7866	9727	
171656			
171759			
171768			
172158			
172251			
172457			
172475			
172859			
173306			
173342			
173548			
173557			
173575			
173641			
173959			
174321			
174367			
175056			
175140			
175458			
175609			
175672			
176053			
176101			
176325			
176437			
176464			
176642			
177135			
177443			
177500			
177546			
177555			
177751			
177920			
177957			
178057			
178150			
178244			
178271			
178356			
178851			
179148			
179335			
179700			
179755			
180041			
180078			
180144			
180443			
180537			
180845			
181347			
181459			
181758			
181963			
182353			
182652			
182951			
183042			
183051			
183154			
183668			
183770			
183846			
183958			
184142			
184245			
184656			
184759			
185037			
185251			
185448			
185457			
185859			
186221			
186548			
186717			
186744			
186838			
186856			
187358			
187451			
187648			
187899			
187947			
188056			
188430			
188449			
188720			
188739			
188757			
188917			
188926			
189044			
189129			
189352			
189549			
189745			
189820			
189950			
190246			
190451			
190554			
190563			
190639			
190648			
190947			
190956			
191355			
191449			
191935			
192147			
192156			
192558			
192651			
192857			
193162			
193247			
193537			
193649			
193809			
194253			
194440			
194936			
195111			
195157			
195456			
196257			
196743			
196752			
196800			
197142			
197254			
197302			
197478			
197759			
198046			
198103			
198149			
198251			
198831			
198859			
198961			
199052			
199137			
199351			
199436			
199454			
199463			
200042			
200435			
200640			
201049			
201254			
201441			
201638			
201647			
201834			
202251			
202514			
202541			
202550			
202907			
203052			
203418			
203575			
204004			
204237			
204826			
205159			
205243			
205346			
205458			
205542			
205654			
206156			
206174			
206772			
206950			
207041			
207050			
207452			
207555			
207845			
207872			
207957			
208057			
208244			
208347			
208440			
208459			
208655			
208972			
209148			
209335			
209362			
209447			
209559			
209830			
209858			
210238			
210256			
210434	0	0	
210452			
210555			
211114			
211338			
211851			
211954			
212018			
212335			
212344			
212465	0	0	
212522			
213538			
213912			
213958			
214414			
214722			
214807	0	509000	
214843			
215130			
215251			
215345			
215354			
215653			
215662			
215710			
216164			
216230			
216632			
216922			
217059			
217620			
218131			
218261			
218757			
218775			
218850			
218878			
219044			
219259			
219343			
219651			
219857			
220059			
220527			
220844			
221476			
222147			
222156			
222446			
222558			
222754			
223322			
223331			
223452			
223751			
223845			
224178			
224552			
224637			
224655			
224954			
225054			
225157			
225241			
225335			
225559			
225942			
226752			
226949			
227151			
227179			
227357			
227656			
228000			
228055			
228158			
228345			
229342			
229454			
229801			
229913	0	278293	
229940			
229959			
230254			
230357			
230423			
230535			
230610			
230740			
230759			
231149			
231242			
231279			
231336			
232258			
232847			
232856			
233031			
233246			
233358			
233442			
233451			
233527			
233554			
234056			
234355			
234506			
234739			
234841			
235017			
235231			
235316			
235446			
235530			
235558			
235950			
236050			
236153			
236256			
236452			
236603			
236706			
236957			
237066			
237150			
237619			
237954			
238045			
238139			
238241			
238250			
238737			
238755			
239015			
239042			
239275			
239556			
239613			
239640			
239659			
239752			
240356			
240459			
240954			
241009			
241157			
241559			
241607			
242248			
242257			
242444			
242949			
242958			
243375			
243414			
243647			
243955			
244037			
244149			
244158			
244251			
245016	48588	91485	
245276			
245351			
245557			
245856			
246022			
246134			
246237			
246451			
246657			
246947			
246956			
247140			
247355			
247449			
247476			
247551			
247908			
248240			
248352			
248455			
248633			
248745			
248969	1012	7576	
249153			
249304			
249416			
249546			
249564			
249612			
249658			
249872			
249957			
250047			
250430			
250850			
251352			
251558			
251745			
251857			
252041			
252256			
252452			
252658			
252836			
253262			
253356			
253440			
253468			
253646			
253730			
253776			
254317			
254504			
254652			
254670			
254849			
255136			
255350			
255547			
255556			
255574			
255659			
255873			
256049			
256058			
256179			
256553			
256964			
257233			
257345			
257466			
257653			
257756			
257868			
258146			
258306			
258351			
258379			
258445			
258539			
258632			
258771			
259059			
259330			
259442			
259657			
259956			
260055			
260354			
260831			
260868			
261070			
261146			
261258			
261360			
261940			
262059			
262237			
262358			
262741			
262844			
262956			
263243			
263551			
263627			
264156			
264455			
264558			
265340			
265407			
265452			
265676			
266066			
266244			
266253			
266271			
266655			
266851			
266879			
266945			
267652			
268136			
268257			
268556			
268828			
268976			
269049			
269058			
269478			
269759			
270148			
270353			
270504			
270531			
270652			
271136			
271154			
271275			
271341			
271529			
271631			
271743			
271752			
272030			
272058			
272151			
272218			
272245			
272272			
272302			
272870			
273149			
273251			
273336			
273550			
273653			
273662			
273840			
273859			
274025			
274052			
274164			
274548			
274641			
274753			
274829			
274856			
275255			
275358			
275509			
275657			
275750			
276159			
276355			
276551			
276579			
276645			
276654			
276775			
276850			
276953			
277053			
277240			
277277			
277558			
277567			
277736			
277820			
278078			
278153			
278256			
278555			
278733			
278751			
278818			
278957			
279105			
279338			
279673			
279842			
279954			
280044			
280110	0	0	
280138			
280352			
280558			
280950			
281210			
282048			
282075			
282226			
282329			
282824			
283157			
283438			
283652			
283737			
283858			
283867			
284154			
284239			
284248			
284556			
284958			
285151			
285348			
285544			
285553			
285740			
285759			
285777			
285852			
285928			
286251			
286457			
286840			
287007			
287342			
287650			
287856			
287922			
287959			
288152			
288358			
288376			
288853			
289056			
289225			
289449			
289515			
289702			
289739			
289757			
290052			
290230			
290249			
290838			
290922			
291059			
291273			
291330			
291611			
291732			
292234			
292467			
292524			
292850			
292908			
293053			
293352			
293437			
293651			
293754			
294023			
294153			
294256			
294564			
294751			
294779			
294827			
295011			
295057			
295646			
296456			
296559			
296755			
296858			
297051			
297257			
297547			
297631			
297761			
298049			
298218			
298245			
299046			
299251			
299653			
299868			
300009			
300036			
300063			
300157			
300250			
300353			
300456			
300933			
300942			
300960			
301640			
301800			
302030			
302133			
302450			
302553			
302656			
302665			
303550			
303653			
303701			
303747			
303952			
304155			
304173			
304520			
304762			
304913			
305059			
305152			
305237			
305433			
305442			
305648			
305750			
306056			
306140			
306159			
306337			
306739			
306908			
307062			
307334			
307361			
307679			
307745			
307932			
307950			
308256			
308340			
308443			
308836			
309150			
309570			
309655			
309851			
310437			
310754			
310875			
310950			
310978			
311050			
311144			
311256			
311265			
311452			
311603			
311649			
311658			
311845			
311939			
312244			
312356			
312730			
313009			
313157			
313223			
313401			
313577			
314257			
314444			
315339			
315357			
315629			
315656			
315674			
315852			
316354			
316840			
316859			
316934			
317100			
317258			
317342			
317650			
318639			
318835			
319047			
319458			
319542			
319551			
320034			
320052			
320070			
320119	6808	55532	
320155			
320856			
321152			
321255			
321330			
321947			
322056			
322449			
322476			
322551			
322757			
322850			
323035			
323204			
323651			
323718			
324153			
324229			
324256			
324274			
324340			
324649			
324854			
324863			
324975			
325141			
325459			
325534			
325824			
326054			
326344			
326858			
326979			
327015			
327220			
327305			
327435			
327453			
327556			
327855			
327949			
328058			
328151			
328357			
328423			
328450			
328656			
328777			
329149			
329345			
329550			
329756			
329952			
330239			
330248			
330453			
330855			
330873			
330949			
331375			
331544			
331553			
331713			
332055			
332224			
332345			
332402			
332756			
333034			
333052			
333203			
333650			
333856			
333940			
334255			
334264			
334648			
334657			
335346			
335355			
335757			
336147			
336361			
336576			
336950			
337247			
337340			
338178			
338646			
338758			
338851			
338945			
339054			
339353			
339456			
339607			
339773			
339858	0	1002764	
339951			
340135			
340144			
340256			
340443			
340555			
340649			
340742			
340751			
341178			
341851			
341954			
342054			
342175			
342362			
342410			
342634			
343051			
343248			
343257			
343770			
343903			
343958			
344647			
344816			
344852			
345149			
345309			
345345			
345747			
345756			
346566			
347022			
347639			
347657			
347956			
348159			
348207			
348458			
348542			
348551			
348720			
348748			
349129			
349165			
349343			
349370			
350657			
350750			
351131			
351207			
351560			
351850			
352035			
352651			
352745			
352772			
352820			
353238			
353546			
353555			
353724			
353957			
354057			
354253			
354310			
354552			
354851			
354954			
355120			
355559			
355737			
355746			
355821			
355858			
356145			
356239			
356659			
356752			
356949			
357049			
357151			
357526			
357553			
357777			
357834			
357937			
358112			
358149			
358233			
358448			
358756			
359324			
359360			
359650			
359744			
359838			
359856			
360777			
360843			
360955			
361055			
361167			
361279			
361354			
361439			
361653			
362043			
362052			
362155			
362717			
362753			
362856			
362940			
363264			
363442			
363648			
363657			
364131			
364337			
364430			
364449			
364850			
365325			
365455			
365745			
365848			
365875			
365950			
366078			
366238			
366247			
366359			
366658			
366854			
367150			
367244			
367431			
367543			
367954			
368054			
368175			
368344			
368429			
368522			
368755			
368933			
368951			
369453			
369659			
370020			
370150			
370347			
370721			
370758			
370833			
370954			
371223			
371232			
371362			
371559			
371755			
371849			
371858			
371924			
371942			
372248			
372257			
372444			
372538			
372556			
372640			
372855			
373058			
373115			
373272			
373553			
373601			
374130			
374354			
374653			
374774			
375034			
375043			
375155			
375502			
375566			
375650			
376068			
376125			
376237			
376433			
376442			
376657			
376947			
377663			
377850			
377908			
378026			
378044			
378110			
378549			
378558			
378642			
378651			
378950			
379050			
379153			
379359			
379470			
379649			
379920	0	0	
380346			
380458			
380533			
380654			
380841			
380944			
381026			
381343			
381754			
381839			
381950			
382050			
382069			
382256			
382443			
382537			
382649			
382658			
382667			
382742			
382854			
383534			
384018			
384335			
384353			
384652			
384830			
385350			
385547			
386049			
386142			
386432			
386450			
386731			
386825			
386852			
387055			
388155			
388258			
388557			
388744			
388753			
388940			
389059			
389358			
389826			
390167			
390336			
390457			
390840			
391418			
391557			
391959			
391977			
392152			
392255			
392778			
393252			
393355			
393757			
393850			
393953			
394156			
394259			
394352			
395238			
395256			
395274			
395779			
395836			
396057			
396244			
396253			
396356			
396954			
397447			
397456			
397531			
397540			
397559			
397755			
397858			
398051			
398248			
398350			
398631			
398668			
398837			
399357			
399517			
399731			
400057			
400141			
400365			
400552			
400758			
400767			
400945			
401148			
401447			
401559			
401755			
401906			
401951			
402462			
402846			
403067			
403106			
403151			
403254			
403357			
403656			
403937			
403946			
404653			
404943			
405959			
406022			
406059			
406666			
406974			
407168			
407506			
407645			
407850			
408147			
408307			
408642			
409265			
409649			
410159			
410560			
410748			
410917			
410944			
411053			
411062			
411231			
411240			
411512			
411549			
411576			
411624			
411651			
412135			
412153			
412452			
412555			
412667			
412751			
412845			
413141			
413208	1027671	15199361	
413347			
413543			
413646			
413730			
413758			
413851			
414102			
414652			
414764			
414858			
415855			
416245			
416272			
416339			
416348			
416357			
416656			
416674			
417149			
417251			
417626			
417710			
418100			
418249			
418436			
418856			
419255			
419406			
419460			
419675			
419947			
420457			
420644			
420653			
420934			
421445			
421539			
422059			
422116			
422433			
422657			
423159			
423449			
423458			
423636			
423739			
423841			
424156			
424240			
424343			
424352			
424437			
424633			
425050			
425108			
425818			
425845			
425911			
425957			
425975			
426057			
426141			
426534			
426758			
426945			
427241			
427353			
427456			
427858			
427960			
428060			
428462			
428547			
428631			
428855			
428958			
429021			
430036			
430054			
430344			
430670			
430858			
431172			
431323			
431350			
431743			
431846			
431958			
432012			
432058			
432432			
433158			
433505			
433550			
433608			
433859			
433943			
434203			
434539			
435059			
435255			
435349			
435358			
435666			
435750			
436131			
436159			
436542			
436711			
436739			
436823			
436953			
437044			
437053			
437138			
437455			
438050			
438434			
439132			
439338			
439356			
439404			
439459			
439730			
440110			
440259			
440446			
440857			
441050			
441078			
441135			
441256			
441359			
441434			
441630			
442057			
442244			
442655			
442758			
442776			
442806			
443148			
443205			
443353			
443625			
443634			
444051			
444350			
444556			
444677			
444958			
445852			
445955			
446130			
446149			
446877			
447034			
447070			
447100			
447342			
447557			
447874			
448040			
448554			
449038			
449430			
449832			
449841			
450034			
450632			
450641			
450650			
450669			
450753			
450856			
450959			
451068			
451246			
451853			
451965	0	9309000	
452104			
452159			
452739			
452841			
452850			
453026			
453147			
453446			
453839			
454340			
454546			
454658			
455150			
455253			
455459			
455552			
455945			
455972			
456045			
456054			
456157			
456250			
456344			
456447			
456456			
456755			
456960			
457060			
457220			
457426			
457547			
457659			
457752			
458049			
458142			
458544			
458553			
458665			
458946			
459046			
459130			
459354			
459372			
459448			
459644			
459671			
460033			
460332			
460341			
460350			
460556			
460770			
461058			
462756			
463203			
463342			
463605			
463650			
463735			
464255			
464750			
464853			
465038			
465243			
465337			
465524			
465618			
465672			
466044			
466240			
466549			
466642			
466754			
466857			
466932			
467144			
467265			
467658			
467733			
467957			
468673			
468806			
468954			
469250			
469362			
469559			
469737			
470032			
470050			
470434			
470452			
470724			
471057			
471217			
471749			
472018			
472045			
472148			
472250			
472531			
472616			
472643			
472652			
472858			
472951			
472979			
473042			
473257			
473266			
473341			
473501			
473930			
474058			
474245			
474254			
474357			
474450			
474544			
474656			
474759			
474919			
475046			
475345			
475354			
475363			
475653			
475756			
476070			
476276			
476342			
476445			
476454			
476539			
476810	5429000	26448000	
476968			
477059			
477303			
477321			
477349			
477376			
477639			
477648			
477844			
478140			
478195			
478252			
478430			
478533			
478766			
478944			
479053			
479071			
479268			
479370			
479446			
479567			
479754			
479839			
479914			
480059			
480228	5409960	5219767	
480246			
480330			
480433			
480723			
480750			
480853			
481140			
481159			
481177			
481355			
481430			
481542			
481627			
481748			
481944			
482053			
482156			
482370			
482446			
483032			
483274			
483537			
483751			
484057			
484141			
484927			
485054			
485139			
485214			
485353			
485456			
485559	11275	531	
485652			
486248			
486752			
487142			
487236			
487357			
487843			
488055			
488167			
488318			
488420			
488439			
488653			
488756			
489016			
489155			
489249			
489548			
489623			
489641			
489913	0	0	
490179			
490348			
490450			
490535			
490544			
490843			
490937			
490955			
491224			
491251			
491402			
491653			
491822			
491934			
492650			
492810			
493013			
493077			
493143			
493152			
493741			
493844			
494168			
494261			
494654			
495044			
495277			
495419			
495558			
495857			
496434			
496845			
496957			
497039			
497404			
497655			
497851			
497954			
497972			
498148			
498317			
498362			
498456			
498531			
498625			
498746			
498942			
499154			
499453			
499501			
499538			
499743			
499752			
499855			
500256			
500658			
501039			
501105	0	0	
501132			
501459			
501655			
501758			
501767			
501815			
502111			
502353			
502447			
502559			
502652			
502746			
502849			
503453			
503547			
503640			
504142			
504311			
504535			
504647			
504713			
505242			
505550			
505831			
505916			
506052			
506249			
506922			
507068			
507152			
507330			
507349			
507509			
508270			
508346			
508355			
508841			
509138			
509400			
509642			
509811			
509857			
509950			
510330			
510648			
510871			
510938			
510947			
511618			
511832			
512839			
513050			
513256			
513322			
513340			
513546			
513854			
513920			
513957			
514048			
514057			
514066			
514132			
514356			
514440			
514655			
514936			
515054			
515250			
515353			
516154			
516855			
517049			
517357			
517441			
517834			
517900			
518037			
518354			
518877			
519146			
519360			
519445			
519874			
520003			
520423			
520777			
521064			
521158			
521251			
521608			
521804			
521952			
522034			
522043			
522454			
522605			
522669			
522753			
522847			
522856			
522959			
523161			
523648			
523974			
524579			
524757			
524766			
524953			
525053			
525156			
525352			
525446			
525549			
525950			
526452			
526519			
526751			
526854			
527057			
527507			
527600			
527749			
527954			
528102			
528241			
528568			
528616			
528849			
528858			
528960			
529172			
529341			
529659			
529855			
529958			
530655			
530703			
530851			
530954			
531157			
531250			
532042			
532453			
532752			
533124			
533227			
533535			
533740			
533759			
533928			
533937			
534242			
534345			
534466			
534653			
534756			
534774			
534859			
534877			
535034			
535258			
535463			
535641			
535753			
535856			
535874			
535931			
535940			
536059			
536349			
536527			
536554			
536853			
537038			
537243			
537355			
537449			
537551			
537560			
538222			
538754			
538802	145	0	
538950			
539032			
539340			
539452			
539667			
539872			
539939			
540056			
540542			
540551			
540739			
540850			
540926			
541035			
541101	23437000	8874000	
541231			
541642			
541754			
541857			
542153			
542340			
542528			
542649			
542667			
542854			
543262			
543459			
543945			
544335			
544447			
544652			
544951			
545042			
545154			
545604			
545846			
546003			
546320			
546432			
546535			
546544			
546647			
547251			
547550			
547840			
548052			
548203			
548267			
548351			
548641			
548771			
548829			
548838			
548856			
549545			
549862			
550354			
550448			
550653			
550756			
550952			
551016			
551904			
552059			
552161			
552545			
552657			
552732			
552956			
552974			
553038			
553177			
553766			
553926			
553944			
554268			
554343			
554857			
554941			
555005			
555256			
556011			
556459			
556815			
556936			
557317			
557438			
557858			
558462			
559553			
560214			
560353			
560438			
560830			
561145			
561239			
561574			
561659			
561864			
562058			
562553			
563233			
563336			
563457			
563756			
563774			
563934			
564052			
564155			
564324			
564463			
564557			
564678			
564838			
564856			
565143			
565152			
565536			
565750			
565844			
566056			
566243			
566458			
566551			
566953			
567240			
567736			
567754			
567905			
568126			
568135			
568144			
568238			
568359			
568443			
568470			
568751			
568854			
568939			
569253			
569422			
570558			
570651			
570745			
571135			
571265			
571443			
571920			
571957			
572338			
572347			
572374			
572459			
572655			
573036			
573335			
573559			
574051			
574556			
574949			
574976			
575133			
575254			
575348			
575375			
575647			
575656			
575759			
575834			
575955			
576037			
576130			
576354			
576541			
576608			
576644			
576653			
576952			
577128			
577137	0	0	
577230			
577472			
578116			
578237			
578255			
578554			
578741			
578862			
579140			
579319			
579364			
579636			
580155			
580548			
580726			
580847			
580874			
581237			
581358			
582177			
582654			
582766			
582953			
583138			
583268			
583352			
583745			
583754			
583905			
584377			
584724			
584920			
585235			
585749			
586027			
586241			
586335			
586858			
586960			
587350			
587677			
587743			
587752			
587800			
588058			
588245			
588348			
588441			
589158			
589439			
589523			
589943			
590145			
590220			
590248			
590640			
590855			
590949			
591209			
591320			
591357			
591366			
591740			
591825			
591852			
591937			
592439			
592448			
592550			
592644			
592859			
593007			
593052			
593249			
593333			
593351			
593753			
593771			
593865			
593940			
593977			
594433			
594451			
594853			
594938			
594947			
595337			
595430			
595449			
595869	0	0	
595944			
595953			
596062			
596156			
596455			
596642			
596848			
596978			
597041			
597256			
597313			
597452			
597546			
597555			
597658			
597751			
598002			
598048			
598132			
598534			
598543			
598646			
598954			
599643			
599755			
599764			
600129			
600419			
600651			
601032			
601041			
601050			
601153			
601416			
601443			
601658			
601733			
602048			
602150			
602356			
602543			
602842			
603232			
603540			
603559			
603755			
604024			
604033			
604547			
604556			
604640			
605610			
605656			
606046			
606073			
606653			
607146			
607333			
608358			
608367			
608451			
608844			
609010			
609373			
609467			
609609			
609645			
609832			
610128			
610164			
610539			
610557			
610913			
611031			
611246			
611451			
612159			
612364			
612551			
613008			
613156			
613334			
613343			
613400			
613464			
613558			
613754			
613839			
613950			
614256			
614313			
614340			
614368			
614751			
614948			
615217			
615253			
615459			
615851			
615954			
616036			
616148			
616410			
616540			
616849			
617024			
617051			
617145			
617275			
617341			
617538			
617743			
618544			
618647			
618740			
618807			
619327			
619457			
619701			
619859			
620015			
620752			
620930			
621151			
621245			
621357			
621375			
621441			
622037			
622653			
622756			
622774			
623052			
623445			
623454			
623548			
624152			
624246			
624563			
624648			
624956			
625056			
625065			
625140			
625159			
625449			
625654			
625757			
625850			
625953			
626101			
626941			
627108			
627377			
627407			
627425			
627658			
627854			
628039			
628123			
628178			
628356			
628552			
629148			
629353			
629522			
629746			
629849			
630041			
630340			
630555			
630658			
631039			
631150			
631178			
631422			
632139			
632410			
632607			
632858			
633154			
633341			
633501			
633640			
634357			
634544			
634656			
634731			
634946			
634955			
635457			
635840			
635907			
636753			
636771			
637451			
637554			
637750			
638131			
638346			
638355			
638850			
639343			
639549			
639567			
639633			
639651			
639857			
640143			
640152			
640246			
640442			
640554			
640956			
641047			
641252			
641355			
641364			
641449			
641579			
641775			
642259			
642437			
642549			
642857			
642866			
643274			
643340			
643368			
643452			
643546			
643658			
644057			
644132			
644141			
644440			
644459			
644646			
644776			
644842			
644963			
645054			
645157			
645317			
645465			
645540			
645625			
645661			
646042			
646145			
646444			
646453			
646471			
646556			
646743			
646837			
646958			
647218			
647245			
647414			
647432			
647759			
647955			
648055			
648130			
648242			
648251			
648345			
648550			
648952			
649342			
649351			
649632			
649650			
649874			
650955			
651103			
651121			
651149			
651158			
651354			
651448			
651457			
651541			
651756			
651859			
651952			
652043			
652351			
652445			
652753			
652874			
652959			
653134			
653349			
653433			
653611			
653648			
653947			
654047			
654252			
654300			
654542			
655156			
655530			
655651			
655660			
655839			
656032			
656153			
656247			
656359			
656470			
656649			
656658			
656733			
656742			
657178			
657365			
657459			
657758			
657954			
658540			
658924			
659042			
659257			
659341			
659453			
659538			
659556			
659640			
659734			
659855			
660066			
660253			
660271			
660570			
660655			
660927			
661157			
661223			
661308			
661858			
662350			
662369			
662640			
662659			
662949			
663058			
663245			
663450			
663638			
663647			
663656			
663722			
663768			
663834			
663955			
664206			
664457			
664653			
664756			
664831			
665146			
665258			
665865			
665931			
666059			
666358			
666554			
666657			
666844			
667029			
667252			
667346			
667524			
667551			
667757			
667832			
667850			
667869			
668053			
668147			
668352			
669443			
669555			
670159			
670421			
670430			
670467			
670560			
670654			
670748			
671053			
671147			
671334			
671464			
671558			
671576			
671857			
672041			
672238			
672247			
672537			
673132			
673244			
673431			
673440			
673851			
673909			
673963			
674344			
674849			
675042			
675051			
675079			
675248			
675332	0	0	
675341			
675659			
675855			
675949			
676049			
676151			
676160	51851	26297	
676245			
676656			
677354			
677448			
677644			
677756			
678043			
678052			
678070			
678258			
678454			
678557			
678717			
678744			
679246			
679451			
679648			
679826			
680055			
680130			
680149			
680354			
680457			
680747			
680813			
680952			
681043			
681249			
682143			
682545			
682563			
682611			
682648			
683449			
683814			
684455			
685023			
685368			
685555			
685649			
685658			
685733			
686271			
686459			
686655			
686758			
686963			
687009			
687054			
687250			
687474			
687830			
687858			
687951			
688079			
688257			
688453			
688556			
689209			
689357			
689759			
691042			
691556			
691743			
691958			
692450			
692478			
692704			
692946			
693224			
693345			
693662			
693952			
694146			
694771			
694847			
694904			
695134			
695349			
695648			
695732			
695947			
696047			
696168			
696430			
696551			
696645			
697035			
697147			
697156			
697231			
697633			
697754			
697763			
697950			
697978			
698144			
698322			
698546			
698649			
698957			
699105			
699132			
699253			
699534			
699552			
700140			
700252			
700430			
700458			
700672			
700739			
701062			
701222			
701259			
701736			
701839			
701857			
701950			
702050			
702117			
702359			
702612			
702751			
702836			
702911			
702966			
703039			
703552			
703767			
704326			
704447			
704559			
704737			
704755			
705444			
705556			
705565			
705958			
706030			
706058			
706151			
706236			
706254			
706450			
706656			
707354			
708052			
708164			
708333			
708379			
708454			
708753			
709031			
709143			
709358			
709451			
709554			
709602			
709639			
709648			
709956			
710176			
710859			
711472			
711520			
711548			
711753			
711801			
711959			
712031			
712059			
712648			
712956			
713038			
713047			
713140			
713252			
713926			
714165			
714437			
714839			
714978			
715032			
715144			
715340			
715630			
715751			
716413			
716655			
716833			
716851			
716954			
717232			
717513			
717737			
717924			
718079			
718145			
718275			
718538			
718547			
718556			
719030			
719441			
719610			
719656			
719955			
719964			
720157			
720166			
720344			
720746			
720858			
720951			
721350			
721659			
721752			
721949			
722227			
722432			
722544			
722816			
723112			
723158			
723550			
723653			
723710			
723747			
723756			
723822			
723868			
724230			
724548			
724744			
724753			
724847			
724940			
725376			
725732			
725741			
725844			
725853			
726234			
726355			
726458			
726953			
727156			
727343			
727455			
728452			
728742			
728948			
728957			
729011			
729057			
729132			
729310			
729459			
729842			
729945			
730446			
730745			
730857			
731050			
731247			
731957			
732178			
732253			
732459			
732637			
732758			
732918			
732954			
733054			
733540			
733559			
733661			
733755			
733951			
734051			
734248			
734350			
734538			
734613			
734855			
734949			
735049			
735067			
735142			
735357			
735414			
735441			
735656			
735768			
735852			
736158			
736206			
736448			
736550			
736662			
736877			
737548			
737632			
737753			
738013			
738040			
738143			
738255			
738303			
738657			
738769			
739159			
739346			
739355			
739430			
739560			
739832			
739850			
740249			
741068			
741152			
741330			
741358			
741639			
741648			
741844			
741871			
741956			
742056			
742355			
742542			
742560			
742636			
742944			
743053			
743679			
743857			
743950			
744238			
744256			
744854			
745150			
745347			
745570			
745646			
745954			
746157			
746223			
746429			
746513			
746755			
746942			
747051			
747257			
747743			
747846			
748254			
748357			
748441			
748964			
749242			
749635			
749840			
749943			
749952			
750051			
750127			
750154			
750239			
750305			
750341			
750444			
750846			
750864			
751254			
751656			
751759			
751852			
751955			
752644			
752653			
752831			
753052			
753324			
753548			
753641			
753856			
754068			
754246			
754536			
754826			
754853			
754929			
755047			
755252			
755421			
755458			
755850			
756343			
756848			
757377			
757452			
757612			
757779			
758703			
758842			
758851			
759045			
759250			
759540			
759625			
760210			
760331			
760340			
760434			
760649			
760854			
760939			
760957			
761244			
761347			
761459			
761543			
761806	0	80385	
761833			
761851			
761954			
762045			
762054			
762353			
762447			
762625			
763211			
763556			
763752			
763930			
764030			
764058			
764067			
764142			
764151			
764441			
764647			
764816			
764843			
764982			
765019			
765046			
765130			
765318			
765354			
765505			
765662			
766052			
766164			
766258			
766735			
767040			
767152			
767246			
767255			
767554			
767611			
767705			
767732			
767769			
767817			
768074			
768252			
768458			
768953			
769156			
769334			
770068			
770367			
770433			
770451			
770545			
770639			
770657			
770853			
771047			
771140			
771458			
771609			
771636			
771748			
772008			
772240			
772446			
772558			
772745			
772754			
773032			
773247			
773443			
773546			
773742			
774105			
774132			
774235			
774253			
774262			
774347			
774655			
774851			
775054			
775214			
775241			
775456			
775540			
776248			
776275			
776369			
776547			
776659			
776734			
776752			
777254			
777366	0	0	
777441			
777553			
777870			
777964			
778466			
778738			
779016			
779351			
779360			
779641			
779650			
779968			
780049			
780218			
780263			
780562			
780722			
780955			
781028			
782016			
782351			
782548			
782650			
783161			
783246			
783349			
783648			
783844			
783910			
783956			
783965			
784159			
784430			
784944			
785062			
785147			
785259			
785857			
785923			
785932			
785950			
786210			
786256			
786340			
786443			
786555			
786612			
786733			
786742			
786948			
787141			
787253			
787440			
787459			
787842			
788559			
788652			
789051			
790150			
790271			
790534			
790543			
790703			
790721			
790851			
790918			
791072			
791205			
791353			
791746			
791821			
791942			
792248			
792453			
792640			
792659			
792743			
793571			
794149			
794336			
794345			
794608			
794653			
795249			
795548			
795959			
795968	0	0	
796125			
796152			
796451			
796657			
796769			
797140			
797319			
797467			
797775			
798512			
798857			
799359			
799612			
799751			
799854			
799939			
799948			
800134			
800442			
800479			
800657			
800853			
801047			
801056			
801654			
802110			
802174			
802866	0	0	
803144			
803256			
803265			
803461			
803649			
803658			
803957			
804150			
804338			
804422			
804758			
804815			
804860			
804963	0	0	
805045			
805250			
805335			
805447			
805670			
805755			
805858			
805876			
806154			
806220			
806846			
806958			
807348			
807432			
807656			
807946			
807955			
808167			
808176			
808260			
808345			
808354			
808448			
808653			
809379			
809539			
809650			
809856			
809940			
810151			
810544			
810553			
810900			
810919			
811046			
811279			
811457			
811541			
811550			
811747			
811756			
812164			
812436			
812557			
812614			
813059			
813572			
813853			
813947			
814216			
814355			
814430			
814458			
814551			
814711			
814953			
815053			
815147			
815156			
815277			
815754			
816210			
816256			
816304			
816603			
816751			
816948			
817356			
817477			
817824			
818401			
818540			
818559			
818652			
819154			
819172			
819453			
819556			
819855			
820048			
820178			
820301			
820655			
820842			
821036			
821120			
821157			
821278			
821456			
821559			
821643			
821652			
821906			
822042			
822051			
822145			
822154			
822257			
822408			
822556			
822631			
822846			
823133			
823142			
823450			
823553			
823638			
823656			
824000			
824242			
824550			
824653			
824738			
825146			
825454			
825548			
825753			
825847			
825940			
825977			
826255			
826451			
826648			
826956			
827346			
827355			
827458			
827560			
827953			
828053			
828110			
828651			
828745			
829032			
829041			
829050			
829256			
829452			
830113			
830168			
830252			
830355			
830542			
830645			
830748			
831008			
831044			
831352			
831549			
831576			
831642			
831857			
831941			
832470			
832528			
832546			
833271			
833404			
833646			
833749			
833758			
833851			
834045			
834755			
834979			
835257			
835378			
835444			
835613			
835659			
835743			
835958			
836151			
836544			
836656			
836843			
836852			
837000			
837037			
837046			
837149			
837158			
837260			
837354			
837448			
837541			
837550			
837653			
837840			
837952			
838155			
838632			
839068			
839246			
839255			
839817			
840019			
840251			
840354			
840363			
840578			
840747			
841436			
841472			
841539			
841753			
841838			
841865			
842031			
842116			
842358			
842376			
842460			
842853			
843159			
843542			
843935			
843953			
844053			
844138			
844343			
844455			
844567			
845247			
845443			
845452			
846132			
846356			
846619			
846945			
847157			
847540			
848248			
848453			
848752			
849348			
849357			
849432			
849450			
849647			
849665			
849777			
850036			
850054			
850456			
850616			
851060			
851239			
851631			
852133			
852218	23477000	30867000	
852254			
852263			
852320			
852357			
852544			
852704			
852713			
852870			
852973			
853112			
853251			
853372			
853644			
853747			
853804			
853934			
853952			
853970			
854052			
854173			
854258			
854351			
854418			
854454			
854520			
854548			
854753			
854847			
855143			
855264			
855303			
855563			
855648			
855741			
855844			
855956			
856140			
856159			
856243			
856337			
856346			
856458			
856542			
856748			
856869			
856944			
857017			
857147			
857259			
857455			
857576			
857745			
857811			
857941			
858153			
858210			
858443			
858452			
858528			
858818			
858854			
859002			
859141			
859150			
859552			
859655			
859712			
860053			
860147			
860156			
860231			
860259			
860334			
860352			
861153			
861434			
861658			
861742			
861854			
862057			
862141			
862552			
862824			
862945			
863353			
863362			
863607			
863652			
863746			
864248			
864341			
864846			
864855			
865142			
865151			
865450			
865544			
865674			
865759			
865852			
866000			
866055			
866121			
866251			
866859			
867258			
867632			
867650			
867856			
867940			
868059			
868068			
868442			
868844			
868956			
869346			
869524			
869551			
869663			
869953			
869971			
870539			
870650			
870856			
870913			
871358			
871648			
871769			
871956			
872047			
872551			
872953			
873259			
873679			
873950			
874050			
874452			
874649			
874845			
875048			
875057			
875132			
875655			
875758			
875909			
875936			
875954			
876157			
876634			
876700			
877015			
877154			
877350			
877369			
877752			
877958			
879000			
879336			
879439			
879457			
879532			
879550			
879644			
879747			
880332			
880556			
880855			
881012			
881441			
881478			
881544			
881656			
881852			
881900			
882130			
882242			
882541			
882701			
882952			
883351			
883753			
883874			
883959			
884303			
884358			
884442			
884648			
884657			
885225			
885252			
885430			
885579			
885869			
886044			
886174			
886204			
886624			
887340			
887555			
887827			
887854			
888002			
888141			
888253			
888552			
888833			
888954			
889652			
890050			
890603			
890649			
890742			
890957			
891226			
891253			
891673			
892223			
892250			
893248			
893538			
893640			
893855			
894151			
894245			
894348			
894544			
894553			
894834			
894946			
895055			
895448			
895710			
895831			
896155			
896258			
896427			
896856			
897237			
897330			
897451			
897648			
897853			
898140			
898458			
898533			
898627			
898850			
899008			
899156			
899343			
899370			
899428			
899642			
899651			
899736			
899754			
900034			
900146			
900258			
900306			
900454			
900502			
901134			
901358			
901451			
901938			
902645			
902672			
903062			
903240			
903455			
903558			
903754			
903950			
904171			
904359			
904425			
904667			
904845			
905356			
906063			
906241			
906410			
906559			
906652			
907257			
907444			
907547			
907958			
908450			
908553			
908861			
909055			
909541			
909756			
910118			
910239			
910314			
911160			
911339			
911759			
911825			
912550			
912578			
912756			
912943			
913146			
913267			
913436			
913520			
913641			
913753			
913838			
913856			
914330			
914349			
914545			
914648			
914853			
914956			
915056			
915065			
915252			
915261			
915645			
915935			
916147			
916259			
916343			
916745			
916857			
917032			
917050			
917331			
917500			
917555			
917630			
917742			
917854			
918132			
918150			
918356			
918459			
918477			
918655			
918918			
918954			
919344			
919456			
919568			
919755			
919858			
920210			
920359			
920733			
920854			
920975			
921039			
921655			
921833			
921842			
921936			
922157			
922344			
922559			
922924			
923257			
923350			
923707			
923752			
923855			
923949			
924058			
924236			
924254			
924348			
924357			
924553			
924656			
924759			
924843			
924937			
925037			
925055			
925354			
925411	0	0	
925653			
925710			
925859			
926155			
926342			
926360			
926632			
926650			
926959			
927134			
927255			
927479			
928056			
928421			
928618			
929044			
929352			
929802			
929932			
930358			
930442			
930853			
930871			
930965			
931038			
931047			
931159			
931207			
931270			
931319			
931355			
931458			
931944			
932277			
932633			
932642			
932745			
932978			
933023			
933041			
933256			
933340			
933377			
933621			
933863			
933957			
933966			
933975			
934329			
934646			
934954			
935111			
935250			
935308			
935559			
935719			
935858			
936136			
936426			
936462			
936640			
936837			
936855			
937339			
937553			
937674			
937740			
937759			
937834			
937843			
938354			
938550			
938859			
939249			
939351			
939753			
940021			
940311			
940674			
940731			
940852			
941233			
941541			
941653			
941804			
942258			
942454			
942539			
942838			
942847			
942959			
943143			
943152			
943675			
943853			
944047			
944337			
944355			
944551			
944627			
944739			
944748			
944935			
945026			
945053			
945343			
945950			
945969			
946171			
946461			
946555			
947150			
947525			
947628			
947655			
947749			
947776			
947842			
948036			
948250			
948278			
948531			
948643			
949154			
949305			
949453			
949556			
949949			
950141			
950356			
950758			
950936			
951102			
951456			
952172			
952257			
952453			
952846			
953357			
953535			
953843			
953852			
954158			
954251			
954279			
954457			
954653			
954671			
955548			
955753			
955940			
955959			
956134			
956152			
956255			
956358			
956376			
956527			
956554			
956750			
956938			
956956			
957047			
957159			
957551			
957757			
958204			
958231			
958558			
958727			
958763			
959443			
959630			
959715			
959779			
960047			
960159			
960430			
960533			
960551			
960560			
960841			
960935			
961259			
961343			
961400			
961446			
961811			
962256			
962265			
962313			
962854			
962966			
963002			
963730			
963945			
963954			
964157			
964250			
964344			
964353			
964643			
964700			
965051			
965220			
965800			
966348			
966722			
966731			
967046			
967943			
967952			
968155			
968249			
968557			
968605	0	23739	
968744			
969059			
969255			
969424			
969639			
969741			
969844			
969956			
970055			
971379			
971959			
972143			
972406			
972648			
972732			
972750			
972769			
972862			
973056			
973252			
973364			
974213			
974558			
974754			
975153			
975256			
975452			
975555			
975751			
975854			
975911			
976057			
976226			
976347			
976534			
976552			
976703			
976842			
976954			
977036			
977045			
977250			
977616			
977652			
977942			
977951			
978118			
978154			
978239			
978369			
978417			
978622			
978659			
979133			
979151			
979357			
979629			
979759			
980045			
980344			
980438			
980531			
980661	0	0	
980951			
980960			
981350			
981453			
982142			
982263			
982348			
982553			
982731			
982937			
983055			
983130			
983158			
983215			
983448			
983457			
983550			
983671			
984258			
984351			
984379			
984454			
984650			
984856			
985451			
985554			
986159			
986551			
986757			
986935			
987053			
987231			
987259			
987352			
987651			
987848			
988144			
988153			
988256			
988452			
988658			
988845			
989141			
989347			
989534			
989655			
989730			
989758			
989851			
990053			
990352			
990642			
991041			
991135			
991340			
991359			
991555			
991621			
991854			
992057			
992851			
993250			
993335			
993353			
994435			
994565			
995076			
995450			
995517			
995571			
995674			
995955			
996251			
996260			
996457			
997052			
997155			
997333			
997557			
997650			
997847			
997856			
998358			
998554			
998648			
998657			
998750			
998844			
999355			
999430			
999935			
1000052			
1000100			
1000276			
1000511			
1000557			
1000641			
1000856			
1000959			
1001059			
1001152			
1001451			
1001639			
1001648			
1001705			
1001817			
1001853			
1002355			
1002373			
1002430			
1002458			
1002618			
1002850			
1002878			
1002953			
1003455			
1003549			
1003558			
1003839			
1003950			
1004256			
1004265			
1004368			
1004470			
1005440			
1005459			
1005552			
1005655			
1005851			
1006148			
1006157			
1006344			
1006513			
1006559			
1006577			
1006652			
1006951			
1007015			
1007051			
1007154			
1007417			
1007659			
1007734			
1007752			
1007819			
1007846			
1007930			
1007958			
1008076			
1008133			
1008151			
1008209			
1008432			
1008450			
1008553			
1008674			
1008731			
1008955			
1009055			
1009242			
1009354			
1009420			
1009756			
1009804			
1009813			
1009840			
1009952			
1010015			
1010051			
1010930			
1011432			
1011526			
1011553			
1011638			
1011656			
1011852			
1011955			
1012055			
1012251			
1012354			
1012457			
1012671			
1012859			
1013070			
1013650			
1013735			
1013744			
1013856			
1014059			
1014077			
1014125			
1014246			
1014255			
1014376			
1014451			
1014554			
1014657			
1014778			
1014844			
1014853			
1014965			
1015056			
1015243			
1015252			
1015458			
1015467			
1015560			
1015832			
1015841			
1015850			
1016231			
1016259			
1016558			
1016718			
1016848			
1016857			
1016941			
1017032			
1017256			
1017425			
1017555			
1017564			
1017854			
1017939			
1017957			
1018927			
1157415			
1158878			
1160161	0	0	
1160509			
1160853			
1161029			
1161216			
1162017			
1162530			
1166060			
1166435			
1169650			
1176881			
1176920			
1186965			
1187001			
1187551			
1188772			
1188987			
1189041			
1189993			
1190074			
1190476			
1191352			
1191482			
1198605			
1198614			
1198641	0	0	
1211371			
1213777			
1215726			
1216059			
1216321			
1216808			
1216826			
1216992			
1218446			
1222519			
1222948			
1225033			
1225752			
1225761			
1225798			
1228034			
1229198			
1293078			
1356115			
1356526			
1356535			
1356768			
1356852			
1357466			
1362246			
1369870			
1377521			
1386251			
1387605			
1390324			
1391778			
1393624			
1394621			
1394676			
1396483			
1396700			
1396764			
1397471			
1398580			
1401387			
1401686			
1401891			
1401903			
1402384			
1402610			
1404481			
1404883			
1404940			
1406980			
1407530			
1407932			
1411032			
1412619			
1412712			
1414819			
1416327			
1418255			
1421040			
1421095			
1421161			
1427770			
1429028			
1434826			
1435092			
1436071			
1436204			
1436473			
1438589			
1439054			
1439456			
1440117			
1441600			
1442661			
1443266			
1444021			
1444580			
1445121			
1445943			
1447639			
1456501			
1457003			
1458608			
1459034			
1459575			
1459717			
1459735			
1459799			
1462986			
1464122			
1466489			
1469677			
1470150			
1471577			
1474309			
1478222			
1478231			
1479470			
1479676			
1480207			
1481745			
1481754			
1484595			
1492817			
1494240			
1494482			
1494914			
1496150			
1516423			
1629903			
1718188			
1820979			
1826382			
1830035	0	0	
1836701			
1842065			
1852569			
1861927			
1862719			
1863097			
1864197			
1864601			
1865680			
1867983			
1872941			
1872996			
1877665			
1879016			
1885932			
1890525			
1892154			
1897168			
1897270			
1898419			
1899902			
1900675			
1904020			
1908082			
1914421			
1917301			
1918344			
1929247			
1933927			
1940747			
1945247			
1962888			
1972298			
1973129			
1977248			
1996762			
2002222			
2006024			
2007991			
2009605			
2010722			
2017570			
2037185			
2044811			
2044820			
2047504			
2051127			
2059758			
2068107			
2078290			
2085177			
2087845			
2107341			
2108348			
2110640			
2111553			
2114282			
2119773			
2121196			
2122997			
2123930			
2129008			
2132594			
2132941			
2140348			
2142016			
2142155			
2145389			
2146023			
2163477			
2164111			
2171100			
2182786			
2197098			
2209553			
2214052			
2216663			
2232757			
2233875			
2236821			
2239288			
2239372			
2243977			
2253725			
2253891			
2262718			
2263313			
2265335			
2265456			
2267012			
2267683			
2269847			
2281371			
2286554			
2290122			
2290887			
2297998			
2298995			
2303086			
2304234			
2304382			
2304636			
2305969			
2308326			
2316714			
2317672			
2325882			
2328137			
2328249			
2328285			
2329200			
2330895			
2332666			
2332910			
2333140			
2333298			
2337335			
2339535			
2339599			
2339795			
2339900			
2339964			
2342160			
2343167			
2344753			
2347044			
2349301			
2349459			
2352235			
2353595			
2354323			
2354387			
2354985			
2356091			
2358769			
2360904			
2361901			
2362074			
2362458			
2370994			
2371508			
2371816			
2372774			
2376464			
2380470			
2382308			
2385514			
2388784			
2389857			
2390929			
2391494			
2391588			
2392950			
2396547			
2396592			
2396604			
2398596			
2398701			
2399119			
2413510			
2434113			
2435660			
2445052			
2446152			
2451240			
2454607			
2454867			
2465881			
2467670			
2468097			
2471239			
2472508			
2473354			
2479477			
2480790			
2482824			
2483120			
2483438			
2485544			
2488956			
2489805			
2490285			
2491291			
2493110			
2493697			
2496081			
2497181			
2502656			
2502825			
2505424			
2505451			
2505460			
2505787			
2506056			
2506328			
2506757			
2507802			
2508751			
2512347			
2514547			
2514837			
2515320			
2516327			
2516626			
2517182			
2518497			
2524797			
2528656			
2529176			
2531562			
2531991			
2532082			
2533043			
2533119			
2534086			
2535551			
2535560			
2536633			
2539081			
2539960			
2540537			
2550095			
2552099			
2558970			
2562137			
2562164			
2562838			
2567123			
2571081			
2575717			
2576134			
2576143			
2577243			
2577739			
2579069			
2580243			
2582023			
2583721			
2586281			
2587916			
2587998			
2594240			
2594419			
2594428			
2595461			
2595975			
2596262			
2596646			
2596785			
2597223			
2597698			
2598396			
2599478			
2600039			
2602220			
2602828			
2605566			
2607412			
2607449			
2608754			
2610784			
2614018			
2614344			
2615190			
2615220			
2618780			
2619714			
2619732			
2621285			
2621940			
2624400			
2624651			
2625724			
2626794			
2631172			
2631314			
2631323			
2631846			
2634191			
2634351			
2640530			
2641827			
2642598			
2643595			
2646327			
2646813			
2648376			
2649122			
2649177			
2650333			
2651899			
2652092			
2654818			
2655495			
2657855			
2661861			
2666400			
2667920			
2667939			
2667957			
2668598			
2671105			
2678449			
2679839			
2683014			
2684552			
2685241			
2686211			
2686529			
2687133			
2687487			
2689128			
2692753			
2693264			
2693693			
2694681			
2694944			
2696180			
2697963			
2700984	257	0	
2701767			
2702764			
2705895			
2708122			
2710554			
2710705			
2712978			
2713555			
2713920			
2714217			
2716088			
2716163			
2716622			
2716828			
2717012			
2718345			
2718596			
2719427			
2719810			
2721103			
2721765			
2721877			
2722173			
2723068			
2724757			
2724766			
2726050			
2726416			
2727431			
2728661			
2729604			
2730431			
2730477			
2731876			
2732565			
2733263			
2733348			
2734729			
2735137			
2735173			
2735324			
2735959			
2736219			
2736291			
2736451			
2736714			
2737775			
2737980			
2742153			
2743244			
2744063			
2744782			
2745426			
2746245			
2746263			
2747242			
2747279			
2747420			
2747466			
2747587			
2748502			
2749059			
2750448			
2750699			
2751007			
2751388			
2753588			
2753917			
2754389			
2756730			
2756767			
2756785			
2756909			
2757205			
2757906			
2757951			
2758024			
2758613			
2759629			
2760102			
2760232			
2761912			
2761967			
2764212			
2764258			
2765602			
2765611			
2767763			
2769570			
2769589			
2769954			
2769972			
2771694			
2773867			
2774707			
2775151			
2775179			
2775692			
2777650			
2781152			
2783660			
2783772			
2785477			
2785637			
2785646			
2787770			
2788656			
2791076			
2791085			
2791281			
2791517			
2793593			
2794732			
2796277			
2797153			
2797162			
2797171			
2797210			
2797359			
2797724			
2798897			
2800491			
2802664			
2802945			
2803223			
2804864			
2805441			
2805535			
2805928			
2806091			
2806626			
2806635			
2806840			
2807173			
2808602			
2810007			
2811086			
2813491			
2814210			
2815879			
2816474			
2817323			
2817677			
2817837			
2818731			
2820604			
2823221			
2823230			
2826017			
2826316			
2830537			
2833882			
2834179			
2834759			
2835103			
2835756			
2836306			
2837077			
2837200			
2837406			
2838207			
2839053			
2839790			
2843706			
2843724			
2845205			
2845755			
2845782			
2846444			
2847085			
2847142			
2847432			
2848493			
2848756			
2848895			
2849212			
2849285			
2849801			
2850722			
2850768			
2851185			
2853358			
2854113			
2854494			
2855071			
2855156			
2855307			
2855866			
2855884			
2855914			
2855978			
2856032			
2856500			
2856685			
2856939			
2857600			
2857794			
2858205			
2858492			
2858960			
2859903			
2860039			
2860271			
2860440			
2861317			
2864729			
2867056			
2867337			
2868259			
2868352			
2869162			
2869180			
2869199			
2869667			
2871099			
2871558			
2872340			
2872845			
2873075			
2873860			
2874634			
2875592			
2876311			
2877345			
2877484			
2877831			
2877840			
2879992			
2880019			
2881593			
2882125			
2882983			
2883038			
2883971			
2885171			
2886178			
2886187			
2887399			
2888789			
2889227			
2895835			
2896216			
2896430			
2897400			
2897633			
2897736			
2897754			
2900092			
2901558			
2903123			
2905565			
2905613			
2905761			
2907019			
2907439			
2907493			
2908575			
2910121			
2910194			
2911128			
2911856			
2911865			
2911986			
2912750			
2913551			
2913702			
2913887			
2914727			
2914905			
2915126			
2915461			
2916963			
2917184			
2919423			
2919898			
2920287			
2920737			
2920773			
2921211			
2921622			
2922674			
2924128			
2925620			
2925666			
2925723			
2927615			
2929075			
2929392			
2931603			
2934930			
2936840			
2938143			
2938198			
2938769			
2939001			
2939391			
2941068			
2941509			
2942690			
2942823			
2943389			
2943615			
2947556			
2948058			
2948423			
2948450			
2949710			
2950604			
2950677			
2953418			
2954059			
2954497			
2955458			
2957014			
2958048			
2958972			
2960555			
2960788			
2961703			
2961776			
2963266			
2963275			
2963547			
2963864			
2966614			
2967349			
2967796			
2970657			
2973041			
2980209			
2981813			
2981822			
2986304			
2989006			
2994493			
2997216			
2997748			
2997926			
2998576			
2998660			
2999845			
3005097			
3008306			
3009778			
3010000			
3010318			
3010363			
3013823			
3015939			
3016347			
3017737			
3019982			
3020193			
3020447			
3022076			
3022610			
3025134			
3025406			
3025929			
3027763			
3028902			
3029589			
3030697			
3032833			
3034257			
3034695			
3035759			
3037874			
3039636			
3041358			
3041974			
3042234			
3043651			
3044500			
3045299			
3045383			
3047314			
3047659			
3048487			
3048861			
3048982			
3049514			
3049635			
3049699			
3049729			
3051021			
3051432			
3052813			
3057818			
3058114			
3058329			
3058619			
3066025			
3066155			
3067929			
3068579			
3070545			
3071083			
3073199			
3075474			
3076190			
3076220			
3076248			
3076284			
3076453			
3076604			
3077937			
3082052			
3085240			
3086256			
3089752			
3090338			
3090833			
3093964			
3097243			
3101775			
3102893			
3103591			
3105308			
3108907			
3109043			
3109146			
3109584			
3110197			
3112070			
3115277			
3116519			
3116809			
3117431			
3118447			
3120646			
3120897			
3121045			
3121072			
3121081			
3121308			
3122828			
3122994			
3125137			
3125315			
3125557			
3125566			
3128174			
3128914			
3128923			
3129902			
3130216			
3130999			
3131400			
3133011			
3133570			
3134250			
3134399			
3134698			
3134885			
3135097			
3138146			
3138182			
3139321			
3140309			
3140822			
3141726			
3142358			
3143805			
3145162			
3145797			
3145984			
3146150			
3148613			
3149012			
3150205			
3151417			
3153233			
3153288			
3153297			
3154780			
3157183			
3158546			
3160978			
3161144			
3165320			
3165357			
3165599			
3166699			
3166729			
3167883			
3168563			
3170276			
3174920			
3176812			
3177378			
3177426			
3178825			
3179082			
3179729			
3180136			
3181197			
3182082			
3183584			
3184228			
3184460			
3184693			
3185485			
3185579			
3185896			
3187395			
3187612			
3187630			
3188646			
3188712			
3189063			
3189634			
3192960			
3194638			
3194692			
3195037			
3195064			
3198421			
3198980			
3199811			
3200034			
3201527			
3201853			
3202702			
3202962			
3203996			
3204993			
3205253			
3205909			
3206399			
3206465			
3207921			
3208049			
3211937			
3212149			
3212402			
3213333			
3213735			
3214059			
3216017			
3216316			
3217331			
3217957			
3219175			
3219214			
3220500			
3220863			
3221468			
3223305			
3223408			
3223417			
3224302			
3224375			
3224478			
3224580			
3227442			
3228908			
3229875			
3232204			
3232370			
3235410			
3235689			
3242575			
3243282			
3247589			
3247598			
3248849			
3251081			
3252510			
3253571			
3253834			
3254297			
3255098			
3258286			
3259171			
3261549			
3262788			
3263833			
3264782			
3265257			
3266487			
3266825			
3267738			
3268173			
3268249			
3269590			
3269844			
3269974			
3270046			
3271007			
3271799			
3271986			
3272956			
3274709			
3274772			
3275939			
3276543			
3277241			
3277876	0	0	
3277988			
3278547			
3280335			
3280625			
3281293			
3281510			
3282012			
3282021			
3282692			
3282852			
3283372			
3283765			
3284070			
3284100			
3284397			
3284445			
3284490			
3284780			
3285246			
3285778			
3286999			
3287503			
3287660			
3288452			
3288742			
3290231			
3290240			
3293540			
3293746			
3294583			
3295320			
3296149			
3296859			
3297490			
3299168			
3299814			
3301641			
3301865			
3302312			
3303298			
3303917			
3303944			
3303953			
3304428			
3306280			
3306299			
3306598			
3307410			
3308145			
3308314			
3308471			
3308529			
3308574			
3309393			
3309571			
3310287			
3312124			
3313943			
3314043			
3314119			
3316739			
3317192			
3317932			
3320576			
3320781			
3322468			
3324994			
3325759			
3327164			
3328376			
3329702			
3333848			
3335301			
3336607			
3337097			
3338357			
3338704			
3339046			
3339925			
3340903			
3341393			
3342671			
3343146			
3344321			
3344536			
3344611			
3345065			
3345168			
3345449			
3345944			
3346268			
3346633			
3347603			
3347911			
3348468			
3348888			
3349241			
3349643			
3350546			
3350658			
3350724			
3350779			
3351440			
3353154			
3353172			
3353266			
3354599			
3355587			
3356191			
3357077			
3357219			
3357385			
3357620			
3357705			
3357871			
3357899			
3357910			
3357947			
3358252			
3358270			
3358289			
3359062			
3363920			
3363939			
3363957			
3363966			
3363975			
3366239			
3367067			
3367085			
3367964			
3368635			
3368831			
3368925			
3368989			
3369007			
3369959			
3370133			
3370357			
3370384			
3371309			
3373947			
3374186			
3374234			
3374298			
3374382			
3374403			
3374412			
3374878			
3375080			
3376461			
3376733			
3377084			
3377235			
3377374			
3377954			
3378773			
3379426			
3379471			
3382547			
3382967			
3383076			
3383366			
3383599			
3383601			
3383665			
3384318			
3384372			
3384466			
3384868			
3384934			
3384952			
3385324			
3385744			
3386143			
3386264			
3386536			
3386554			
3386590			
3386983			
3387140			
3387159			
3387926			
3388080			
3388165			
3388370			
3388419			
3388482			
3389313			
3389582			
3390337			
3390627			
3390702			
3391606			
3391718			
3392292			
3392872			
3392975			
3393785			
3393806			
3393824			
3393851			
3394018			
3394278			
3394380			
3395293			
3396375			
3396535			
3397019			
3397233			
3398100			
3398306			
3398623			
3400928			
3401970			
3402481			
3402575			
3402904			
3402913			
3404207			
3404373			
3404467			
3404506			
3404869			
3404999			
3405633			
3407084			
3408728			
3409462			
3410141			
3411773			
3411791			
3412417			
3415454			
3415463			
3417319			
3419416			
3424483			
3425725			
3426656			
3428258			
3429059			
3429219			
3429282			
3430297			
3430738			
3433047			
3433186			
3435948			
3437148			
3437157			
3437166			
3437456			
3437483			
3438060			
3438958			
3440803			
3440830			
3441033			
3441480			
3441592			
3442704			
3443345			
3444539			
3444566			
3445460			
3445769			
3445901			
3446225			
3446636			
3446784			
3447455			
3447576			
3447772			
3447875			
3447893			
3448162			
3448171			
3448180			
3448425			
3448751			
3449066			
3449730			
3450950			
3451050			
3451902			
3452123			
3452310			
3452365			
3453737			
3453867			
3454510			
3455227			
3455236			
3459140			
3459207			
3459216			
3459346			
3460847			
3461488			
3462074			
3462449			
3462458			
3462654			
3463875			
3464368			
3464827			
3465226			
3465383			
3465392			
3466979			
3466988			
3467006			
3467266			
3467556			
3468450			
3468656			
3468665			
3469448			
3470097			
3470154			
3470864			
3470930			
3470985			
3471094			
3471209			
3472046			
3472859			
3475083			
3476192			
3479018			
3480069			
3481703			
3482045			
3482111			
3482166			
3482812			
3482894			
3485019			
3485215			
3485420			
3486623			
3487433			
3487509			
3487518			
3487947			
3488579			
3488869			
3488980			
3489035			
3489071			
3490871			
3503696			
3517590			
3525577			
3529650			
3531176			
3532641			
3535848			
3536407			
3537897			
3537963			
3538009			
3540310			
3545258			
3545324			
3546862			
3546899			
3547131			
3547140			
3547896			
3548567			
3548763			
3549180			
3549256			
3550579			
3550896			
3551521			
3555248			
3555695			
3557895			
3559714			
3559938			
3560420			
3560747			
3560756			
3560783			
3561771			
3564286			
3565265			
3567269			
3571015			
3576337			
3577389			
3577428			
3579589			
3579936			
3580334			
3582552			
3582673			
3586925			
3587726			
3588312			
3588424			
3589588			
3590016			
3590977			
3591004			
3591282			
3592047			
3592609			
3592814			
3593307			
3594005			
3594087			
3594797			
3595066			
3595262			
3595271			
3595637			
3595682			
3596111			
3596250			
3596380			
3596894			
3597211			
3597239			
3597305			
3597592			
3597677			
3598218			
3599055			
3599578			
3599608			
3599804			
3601079			
3602889			
3603457			
3603961			
3603970			
3604155			
3606533			
3606971			
3607062			
3610567			
3610718			
3612525			
3613559			
3613652			
3614369			
3614837			
3614930			
3614958			
3614976			
3615021			
3616309			
3616680			
3617856			
3619216			
3620539			
3620913			
3620922			
3623110			
3623969			
3625002			
3625048			
3625132			
3625589			
3625664			
3626184			
3626858			
3627109			
3628777			
3629420			
3629484			
3630323			
3631067			
3631870			
3632448			
3633016			
3633173			
3634394			
3634433			
3635029			
3635533			
3635551			
3636259			
3636428			
3636446			
3636914			
3637050			
3637096			
3637229			
3637247			
3637706			
3637993			
3640283			
3640854			
3641552			
3642287			
3642308			
3645840			
3646397			
3648337			
3649624			
3649633			
3650273			
3650442			
3650563			
3650808			
3654712			
3655081			
3655933			
3660478			
3667105			
3667132			
3669930			
3671250			
3671997			
3678857			
3685396			
3686722			
3686928			
3686982			
3688043			
3688548			
3688566			
3688623			
3689385			
3690121			
3690596			
3690635			
3690662			
3690701			
3696936			
3701054			
3706013			
3715341			
3715444			
3715800			
3716320			
3716852			
3716982			
3717167			
3717578			
3718548			
3719620			
3719648			
3720336			
3720608			
3721605			
3729124			
3730746			
3733411			
3744891			
3750650			
3783313			
3783948			
3786435			
3793714			
3794300			
3797712			
3798278			
3800621			
3804535			
3806100			
3806472			
3806481			
3808832			
3809446			
3812147			
3812165			
3813256			
3814673			
3816154			
3816163			
3816190			
3816510			
3817964			
3820254			
3821037			
3821354			
3821626			
3821822			
3822016			
3822445			
3824542			
3825080			
3830235			
3831483			
3832127			
3835454			
3843392			
3843730			
3869123			
3885123			
3897434			
3900950			
3939222			
3939240			
3943210			
3952904			
3955053			
3967449			
4032791			
4041421			
4114567			
4125778			
4146830			
4149037			
4160667			
4165907			
4184186			
4203911			
4210227			
4232881			
4262534			
4262543			
